desc: I1 cache:         32768 B, 64 B, 8-way associative
desc: D1 cache:         32768 B, 64 B, 8-way associative
desc: LL cache:         15728640 B, 64 B, 30-way associative
cmd: ./OptimizeSubdiv 10 cubeQuad.obj
events: Ir I1mr ILmr Dr D1mr DLmr Dw D1mw DLmw 
fl=/build/eglibc-SvCtMH/eglibc-2.19/csu/../csu/init-first.c
fn=_init
52 8 1 1 0 0 0 4 0 0
58 4 1 1 1 1 0 1 1 1
65 5 1 1 4 2 0 0 0 0
70 1 0 0 0 0 0 1 1 1
71 1 0 0 0 0 0 1 0 0
72 2 0 0 1 1 0 1 1 1
86 4 0 0 0 0 0 1 0 0
94 1 0 0 0 0 0 1 0 0
99 6 0 0 5 0 0 0 0 0
fl=/build/eglibc-SvCtMH/eglibc-2.19/csu/../sysdeps/generic/dl-hash.h
fn=_init
43 1 0 0 0 0 0 0 0 0
44 1 0 0 0 0 0 0 0 0
45 13 0 0 4 1 0 0 0 0
48 12 0 0 0 0 0 0 0 0
49 8 0 0 0 0 0 0 0 0
62 8 0 0 0 0 0 0 0 0
67 1 1 1 0 0 0 0 0 0
fl=/build/eglibc-SvCtMH/eglibc-2.19/csu/../sysdeps/unix/sysv/linux/x86_64/init-first.c
fn=_init
38 7 1 1 0 0 0 4 0 0
40 4 0 0 0 0 0 1 0 0
41 2 0 0 0 0 0 0 0 0
42 2 1 1 0 0 0 0 0 0
43 2 1 1 1 0 0 0 0 0
44 1 0 0 0 0 0 1 1 0
46 3 0 0 0 0 0 1 0 0
50 3 0 0 0 0 0 0 0 0
51 2 0 0 1 0 0 0 0 0
52 1 0 0 0 0 0 1 0 0
fl=/build/eglibc-SvCtMH/eglibc-2.19/csu/../sysdeps/x86_64/multiarch/init-arch.c
fn=__get_cpu_features
200 42 0 0 14 0 0 0 0 0
204 28 0 0 14 0 0 0 0 0
fn=__init_cpu_features
31 7 1 1 0 0 0 4 0 0
37 3 0 0 0 0 0 0 0 0
38 3 0 0 0 0 0 0 0 0
39 2 0 0 0 0 0 0 0 0
45 1 0 0 0 0 0 1 0 0
54 3 1 1 0 0 0 1 0 0
57 6 0 0 0 0 0 0 0 0
59 3 0 0 0 0 0 0 0 0
65 3 0 0 0 0 0 0 0 0
66 2 1 1 0 0 0 0 0 0
71 2 0 0 0 0 0 0 0 0
74 12 1 1 0 0 0 0 0 0
101 2 1 1 0 0 0 0 0 0
123 1 0 0 1 1 1 0 0 0
127 1 1 1 0 0 0 0 0 0
152 2 1 1 1 0 0 0 0 0
153 7 0 0 0 0 0 4 0 0
160 3 0 0 1 0 0 0 0 0
164 2 0 0 0 0 0 0 0 0
166 3 1 1 0 0 0 0 0 0
170 2 1 1 0 0 0 0 0 0
171 1 0 0 1 0 0 0 0 0
173 2 0 0 0 0 0 0 0 0
176 2 0 0 1 0 0 0 0 0
184 6 1 1 0 0 0 0 0 0
185 5 0 0 0 0 0 0 0 0
186 2 0 0 0 0 0 0 0 0
189 1 0 0 0 0 0 1 0 0
190 1 0 0 0 0 0 1 0 0
192 1 0 0 0 0 0 1 0 0
193 2 0 0 2 0 0 0 0 0
fl=/build/eglibc-SvCtMH/eglibc-2.19/csu/libc-start.c
fn=(below main)
133 10 1 1 0 0 0 8 0 0
137 7 2 2 1 0 0 1 0 0
219 2 0 0 0 0 0 0 0 0
220 4 0 0 0 0 0 1 0 0
242 6 0 0 2 0 0 0 0 0
245 2 0 0 0 0 0 0 0 0
246 5 1 1 4 0 0 1 0 0
250 4 0 0 2 2 0 0 0 0
265 2 0 0 0 0 0 0 0 0
274 2 0 0 0 0 0 1 0 0
275 2 1 1 0 0 0 0 0 0
280 2 0 0 1 1 0 1 0 0
281 2 0 0 1 1 0 1 1 0
284 2 0 0 0 0 0 1 0 0
287 6 0 0 5 2 0 1 0 0
fl=/build/eglibc-SvCtMH/eglibc-2.19/ctype/ctype-info.c
fn=__ctype_init
31 7 2 2 5 3 0 1 0 0
33 4 0 0 2 1 0 1 0 0
35 5 1 1 3 0 0 1 0 0
fl=/build/eglibc-SvCtMH/eglibc-2.19/elf/../elf/dl-runtime.c
fn=_dl_fixup
66 340 1 1 0 0 0 204 0 0
68 68 0 0 68 0 0 0 0 0
69 136 0 0 136 2 0 0 0 0
72 340 0 0 136 9 0 0 0 0
73 476 1 1 136 62 0 68 0 0
74 204 0 0 136 6 0 0 0 0
79 136 0 0 0 0 0 0 0 0
83 136 0 0 68 67 42 0 0 0
87 204 0 0 68 5 0 0 0 0
91 136 0 0 136 58 0 0 0 0
92 272 1 1 68 1 0 0 0 0
94 272 0 0 68 10 0 0 0 0
100 68 0 0 0 0 0 0 0 0
101 204 0 0 68 1 0 0 0 0
108 136 1 1 68 3 0 68 0 0
111 680 0 0 136 6 0 204 0 0
115 204 1 1 68 0 0 0 0 0
119 272 0 0 68 0 0 68 0 0
125 408 0 0 136 0 0 0 0 0
133 68 0 0 68 0 0 0 0 0
141 272 1 1 68 0 0 0 0 0
145 204 0 0 68 1 0 0 0 0
149 340 0 0 272 0 0 0 0 0
fl=/build/eglibc-SvCtMH/eglibc-2.19/elf/../elf/dl-sysdep.c
fn=_dl_sysdep_start
86 8 1 1 0 0 0 7 1 1
87 2 0 0 0 0 0 0 0 0
88 1 0 0 0 0 0 0 0 0
110 1 0 0 0 0 0 1 0 0
111 204 2 2 66 9 9 4 3 3
114 2 0 0 0 0 0 1 0 0
115 1 0 0 0 0 0 1 1 1
117 90 2 2 23 4 4 10 0 0
118 111 1 1 21 2 2 0 0 0
121 1 0 0 1 0 0 0 0 0
122 1 0 0 0 0 0 0 0 0
124 1 0 0 1 0 0 0 0 0
125 1 0 0 0 0 0 0 0 0
127 1 1 1 1 0 0 0 0 0
128 1 0 0 0 0 0 0 0 0
130 1 0 0 1 0 0 0 0 0
131 1 0 0 0 0 0 0 0 0
151 1 1 1 1 0 0 0 0 0
152 1 0 0 0 0 0 0 0 0
154 1 0 0 1 0 0 0 0 0
155 1 0 0 0 0 0 0 0 0
157 1 1 1 1 0 0 0 0 0
158 1 0 0 0 0 0 0 0 0
163 1 0 0 1 0 0 0 0 0
164 1 0 0 0 0 0 0 0 0
179 1 0 0 1 0 0 0 0 0
180 1 0 0 0 0 0 0 0 0
232 3 1 1 0 0 0 2 0 0
234 5 1 1 0 0 0 1 0 0
246 3 0 0 1 0 0 0 0 0
249 6 0 0 2 0 0 1 0 0
250 1 1 0 1 0 0 0 0 0
251 8 0 0 7 1 0 0 0 0
fn=_dl_sysdep_start_cleanup
256 1 1 1 1 0 0 0 0 0
fl=/build/eglibc-SvCtMH/eglibc-2.19/elf/../misc/sbrk.c
fn=sbrk
34 4 1 1 0 0 0 2 0 0
42 6 1 1 2 0 0 0 0 0
46 2 0 0 0 0 0 0 0 0
57 5 0 0 3 0 0 0 0 0
fl=/build/eglibc-SvCtMH/eglibc-2.19/elf/../string/bits/string2.h
fn=handle_ld_preload
961 375 1 1 47 0 0 0 0 0
962 97 0 0 0 0 0 0 0 0
963 93 0 0 0 0 0 0 0 0
fl=/build/eglibc-SvCtMH/eglibc-2.19/elf/../sysdeps/unix/sysv/linux/dl-osinfo.h
fn=security_init
61 2 0 0 0 0 0 0 0 0
84 2 1 1 1 0 0 1 0 0
86 1 0 0 1 0 0 0 0 0
93 1 0 0 1 0 0 0 0 0
101 2 0 0 0 0 0 0 0 0
112 1 1 1 1 0 0 0 0 0
fl=/build/eglibc-SvCtMH/eglibc-2.19/elf/../sysdeps/unix/sysv/linux/dl-sysdep.c
fn=_dl_discover_osversion
45 7 1 1 0 0 0 6 0 0
47 3 0 0 1 0 0 0 0 0
87 5 1 1 0 0 0 1 1 1
102 1 1 1 0 0 0 0 0 0
106 1 0 0 0 0 0 0 0 0
107 1 0 0 0 0 0 0 0 0
109 12 0 0 3 1 1 0 0 0
111 6 0 0 0 0 0 0 0 0
113 17 0 0 4 0 0 0 0 0
115 1 0 0 0 0 0 0 0 0
116 2 0 0 0 0 0 0 0 0
119 3 0 0 0 0 0 0 0 0
120 3 1 1 0 0 0 0 0 0
121 3 0 0 0 0 0 0 0 0
123 13 0 0 0 0 0 0 0 0
128 2 0 0 0 0 0 0 0 0
132 8 0 0 7 0 0 0 0 0
fn=_dl_sysdep_start
35 2 0 0 0 0 0 1 0 0
fl=/build/eglibc-SvCtMH/eglibc-2.19/elf/../sysdeps/unix/sysv/linux/dl-vdso.c
fn=_dl_vdso_vsym
26 4 0 0 0 0 0 0 0 0
27 8 1 1 8 2 0 0 0 0
28 8 1 1 4 0 0 0 0 0
31 8 0 0 0 0 0 0 0 0
fl=/build/eglibc-SvCtMH/eglibc-2.19/elf/../sysdeps/unix/sysv/linux/x86_64/brk.c
fn=brk
28 1 0 0 0 0 0 0 0 0
31 7 1 1 0 0 0 1 1 1
33 2 0 0 0 0 0 0 0 0
39 1 0 0 0 0 0 0 0 0
40 1 0 0 1 0 0 0 0 0
fl=/build/eglibc-SvCtMH/eglibc-2.19/elf/../sysdeps/x86_64/dl-irel.h
fn=_dl_fixup
32 3 2 2 0 0 0 1 0 0
fl=/build/eglibc-SvCtMH/eglibc-2.19/elf/../sysdeps/x86_64/dl-machine.h
fn=_dl_fixup
210 68 0 0 0 0 0 68 0 0
fn=_dl_relocate_object
71 28 1 1 7 0 0 0 0 0
77 12 1 1 12 5 0 0 0 0
81 18 0 0 6 6 5 0 0 0
87 6 0 0 0 0 0 6 0 0
95 18 0 0 6 0 0 0 0 0
108 12 0 0 0 0 0 6 0 0
111 24 1 1 6 6 1 0 0 0
244 4468 0 0 0 0 0 0 0 0
265 4468 0 0 0 0 0 0 0 0
269 4468 0 0 0 0 0 0 0 0
276 84095 12 12 17009 1216 918 10820 4 0
278 11094 0 0 4428 4 1 0 0 0
281 8856 1 1 2214 0 0 0 0 0
287 15638 1 1 2234 6 3 0 0 0
320 8 1 1 0 0 0 0 0 0
321 12 0 0 4 2 0 4 2 1
328 6 0 0 2 0 0 0 0 0
330 4 0 0 4 1 1 0 0 0
339 4 0 0 0 0 0 2 1 0
382 33 1 1 11 0 0 0 0 0
386 55 1 1 11 1 0 0 0 0
391 55 0 0 22 2 2 11 9 9
410 6651 0 0 2217 277 275 2217 655 332
422 36 0 0 0 0 0 12 1 0
487 5031 0 0 1677 422 419 0 0 0
492 3354 0 0 0 0 0 0 0 0
493 5031 0 0 1677 209 209 1677 368 361
503 1561 0 0 790 0 0 0 0 0
507 1542 0 0 0 0 0 0 0 0
509 2313 0 0 771 0 0 0 0 0
510 771 0 0 771 98 96 0 0 0
527 38 0 0 38 1 1 0 0 0
529 19 0 0 0 0 0 19 0 0
530 19 0 0 0 0 0 19 0 0
fn=_dl_start
58 3 0 0 1 1 1 0 0 0
241 10 0 0 0 0 0 0 0 0
269 20 0 0 0 0 0 0 0 0
278 40 0 0 20 2 2 0 0 0
281 40 0 0 10 6 6 0 0 0
287 61 0 0 10 1 1 0 0 0
391 10 1 1 10 2 2 0 0 0
400 10 0 0 0 0 0 10 2 2
492 20 0 0 10 1 1 0 0 0
493 30 0 0 10 1 1 10 2 2
fn=_dl_sysdep_start
200 5 0 0 2 1 1 0 0 0
fl=/build/eglibc-SvCtMH/eglibc-2.19/elf/../sysdeps/x86_64/dl-trampoline.S
fn=_dl_runtime_resolve
34 68 1 1 0 0 0 0 0 0
36 68 0 0 0 0 0 68 0 0
37 68 0 0 0 0 0 68 0 0
38 68 1 1 0 0 0 68 0 0
39 68 0 0 0 0 0 68 0 0
40 68 0 0 0 0 0 68 0 0
41 68 0 0 0 0 0 68 0 0
42 68 0 0 0 0 0 68 0 0
43 68 0 0 68 0 0 0 0 0
44 68 0 0 68 0 0 0 0 0
45 68 0 0 0 0 0 68 0 0
46 68 0 0 0 0 0 0 0 0
47 68 0 0 68 0 0 0 0 0
48 68 0 0 68 0 0 0 0 0
49 68 0 0 68 0 0 0 0 0
50 68 0 0 68 0 0 0 0 0
51 68 1 1 68 0 0 0 0 0
52 68 0 0 68 0 0 0 0 0
53 68 0 0 68 0 0 0 0 0
54 68 0 0 0 0 0 0 0 0
56 68 0 0 0 0 0 0 0 0
fl=/build/eglibc-SvCtMH/eglibc-2.19/elf/dl-addr.c
fn=_dl_addr
30 2 0 0 1 0 0 1 0 0
31 2 0 0 1 0 0 1 0 0
34 2 0 0 1 0 0 0 0 0
38 1 0 0 1 0 0 0 0 0
39 1 0 0 1 0 0 0 0 0
40 3 1 1 2 0 0 1 0 0
42 2 0 0 2 0 0 0 0 0
45 2 0 0 1 1 0 0 0 0
50 2029 0 0 2 0 0 0 0 0
52 1011 1 1 1011 63 16 0 0 0
53 2022 0 0 0 0 0 0 0 0
55 4930 0 0 905 0 0 0 0 0
61 11075 0 0 2215 475 424 0 0 0
63 8860 1 1 2215 0 0 0 0 0
64 16270 0 0 5089 353 314 0 0 0
69 2215 0 0 0 0 0 0 0 0
71 7656 1 1 2215 137 74 0 0 0
99 3 0 0 1 1 0 0 0 0
100 1 0 0 0 0 0 1 1 0
101 3 1 1 1 0 0 0 0 0
104 2 0 0 0 0 0 0 0 0
116 1 1 1 0 0 0 1 1 0
117 1 0 0 0 0 0 1 0 0
126 11 1 1 0 0 0 8 0 0
131 3 1 1 2 1 0 1 0 0
133 2 0 0 0 0 0 1 0 0
135 2 0 0 0 0 0 0 0 0
138 2 1 1 0 0 0 0 0 0
141 3 0 0 2 2 0 1 0 0
144 9 1 1 7 0 0 0 0 0
fl=/build/eglibc-SvCtMH/eglibc-2.19/elf/dl-altinit.c
fn=dlinit_alt
33 3 0 0 2 0 0 0 0 0
34 1 0 0 1 0 0 0 0 0
fl=/build/eglibc-SvCtMH/eglibc-2.19/elf/dl-cache.c
fn=_dl_cache_libcmp
138 120 1 1 80 34 34 0 0 0
139 480 0 0 0 0 0 0 0 0
141 705 0 0 0 0 0 0 0 0
143 247 1 1 0 0 0 0 0 0
149 18 0 0 0 0 0 0 0 0
150 12 0 0 0 0 0 0 0 0
151 24 0 0 6 0 0 0 0 0
153 30 1 1 6 0 0 0 0 0
155 12 0 0 0 0 0 0 0 0
156 2 0 0 0 0 0 0 0 0
161 458 1 1 0 0 0 0 0 0
163 848 0 0 390 2 2 0 0 0
164 34 0 0 0 0 0 0 0 0
167 195 0 0 0 0 0 0 0 0
168 195 0 0 0 0 0 0 0 0
171 10 0 0 0 0 0 0 0 0
172 80 0 0 40 0 0 0 0 0
fn=_dl_load_cache_lookup
182 32 1 1 0 0 0 24 0 0
190 8 0 0 4 0 0 0 0 0
193 12 0 0 4 0 0 0 0 0
196 5 1 1 0 0 0 1 0 0
204 5 1 1 1 0 0 0 0 0
205 6 0 0 0 0 0 1 0 0
209 1 0 0 0 0 0 1 0 0
212 4 0 0 1 0 0 0 0 0
215 2 0 0 0 0 0 1 0 0
216 3 1 1 0 0 0 0 0 0
217 5 0 0 0 0 0 1 0 0
219 2 0 0 0 0 0 0 0 0
238 12 0 0 3 0 0 0 0 0
244 12 1 1 4 0 0 0 0 0
253 20 0 0 8 0 0 4 0 0
259 16 1 1 0 0 0 8 0 0
263 28 0 0 8 0 0 8 0 0
264 24 0 0 12 0 0 0 0 0
278 921 9 9 120 30 30 44 0 0
294 8 1 1 4 0 0 0 0 0
299 36 0 0 28 0 0 0 0 0
fn=_dl_unload_cache
308 1 0 0 0 0 0 0 0 0
309 4 1 1 1 1 0 0 0 0
311 2 0 0 1 1 0 1 0 0
312 1 0 0 0 0 0 1 0 0
314 2 0 0 1 0 0 0 0 0
fl=/build/eglibc-SvCtMH/eglibc-2.19/elf/dl-debug.c
fn=_dl_debug_initialize
50 14 1 1 0 0 0 0 0 0
51 7 1 1 7 0 0 0 0 0
55 26 1 1 7 1 0 0 0 0
58 1 0 0 0 0 0 1 0 0
59 2 0 0 0 0 0 1 0 0
60 6 0 0 2 0 0 1 0 0
61 2 0 0 0 0 0 1 0 0
fn=_dl_debug_state
74 2 0 0 2 0 0 0 0 0
fl=/build/eglibc-SvCtMH/eglibc-2.19/elf/dl-deps.c
fn=_dl_map_object_deps
147 11 1 1 0 0 0 9 0 0
148 9 1 1 0 0 0 1 0 0
160 6 0 0 0 0 0 2 0 0
161 2 0 0 0 0 0 2 0 0
162 10 3 3 0 0 0 3 0 0
164 1 0 0 0 0 0 0 0 0
168 8 0 0 2 0 0 2 0 0
178 8 0 0 1 0 0 0 0 0
179 1 0 0 1 0 0 0 0 0
182 3 0 0 0 0 0 2 0 0
188 1 0 0 0 0 0 1 0 0
189 1 0 0 0 0 0 1 0 0
201 2 0 0 1 0 0 1 0 0
202 1 0 0 0 0 0 0 0 0
203 1 0 0 0 0 0 1 0 0
204 2 1 1 0 0 0 2 0 0
209 7 0 0 0 0 0 0 0 0
210 7 0 0 0 0 0 0 0 0
213 7 0 0 0 0 0 7 0 0
217 28 1 1 14 1 0 0 0 0
218 32 0 0 13 0 0 0 0 0
220 5 0 0 0 0 0 0 0 0
222 15 1 1 10 0 0 0 0 0
224 26 1 1 2 0 0 4 0 0
229 22 0 0 11 0 0 0 0 0
231 15 0 0 10 0 0 5 0 0
236 5 0 0 0 0 0 5 0 0
237 5 0 0 0 0 0 5 0 0
238 10 1 1 5 0 0 5 0 0
239 10 0 0 5 0 0 5 0 0
242 567 0 0 148 0 0 5 0 0
243 266 1 1 0 0 0 0 0 0
249 70 0 0 20 0 0 10 1 1
251 10 0 0 0 0 0 10 0 0
254 60 1 1 40 0 0 10 0 0
256 30 0 0 10 0 0 0 0 0
271 10 0 0 10 0 0 0 0 0
273 20 1 1 10 0 0 0 0 0
278 15 0 0 0 0 0 0 0 0
281 5 0 0 0 0 0 5 1 1
282 5 0 0 0 0 0 5 0 0
283 5 0 0 0 0 0 5 0 0
284 10 0 0 5 0 0 5 0 0
286 20 0 0 5 0 0 5 0 0
288 25 1 1 5 0 0 10 0 0
292 20 0 0 0 0 0 0 0 0
293 21 0 0 0 0 0 7 0 0
295 369 1 1 0 0 0 0 0 0
343 9 1 1 0 0 0 4 0 0
471 14 0 0 0 0 0 0 0 0
473 15 1 1 0 0 0 5 0 0
475 10 0 0 0 0 0 5 0 0
476 10 0 0 0 0 0 0 0 0
477 10 0 0 0 0 0 0 0 0
480 5 0 0 0 0 0 5 0 0
481 30 0 0 0 0 0 5 0 0
482 25 0 0 0 0 0 5 0 0
485 5 0 0 0 0 0 5 0 0
486 5 0 0 5 0 0 0 0 0
490 28 1 1 14 0 0 0 0 0
492 7 1 1 7 0 0 0 0 0
493 32 0 0 6 0 0 0 0 0
497 6 0 0 2 0 0 0 0 0
498 2 1 1 1 0 0 1 0 0
501 5 0 0 2 0 0 1 0 0
511 2 0 0 0 0 0 1 0 0
512 3 1 1 1 0 0 0 0 0
514 2 0 0 0 0 0 0 0 0
519 7 0 0 2 0 0 1 0 0
520 4 1 1 1 0 0 1 0 0
522 38 1 1 15 0 0 1 0 0
528 21 0 0 7 0 0 7 2 2
532 14 0 0 14 0 0 0 0 0
535 2 0 0 1 0 0 0 0 0
586 6 0 0 3 0 0 1 0 0
587 1 0 0 0 0 0 1 0 0
588 3 0 0 1 0 0 0 0 0
623 7 2 2 1 0 0 2 0 0
625 3 0 0 0 0 0 0 0 0
629 28 1 1 14 0 0 3 0 0
630 8 2 2 0 0 0 2 0 0
631 3 0 0 1 0 0 1 0 0
635 7 0 0 7 0 0 0 0 0
636 14 0 0 7 0 0 0 0 0
642 59 0 0 7 0 0 0 0 0
644 68 1 1 34 0 0 0 0 0
645 40 0 0 0 0 0 0 0 0
647 105 0 0 35 0 0 0 0 0
648 75 0 0 0 0 0 0 0 0
652 10 0 0 0 0 0 5 0 0
654 1 0 0 0 0 0 1 0 0
656 10 1 1 7 0 0 0 0 0
658 2 1 1 2 0 0 0 0 0
662 1 0 0 1 0 0 0 0 0
663 7 2 2 2 0 0 2 0 0
665 1 0 0 0 0 0 1 0 0
667 2 0 0 1 0 0 0 0 0
670 16 0 0 0 0 0 0 0 0
673 18 0 0 6 0 0 0 0 0
676 83 0 0 21 0 0 21 0 0
683 2 0 0 1 0 0 1 0 0
685 2 0 0 1 0 0 1 0 0
686 1 0 0 1 0 0 0 0 0
687 3 1 1 1 0 0 0 0 0
694 3 0 0 1 0 0 0 0 0
697 2 0 0 0 0 0 0 0 0
700 8 0 0 7 1 0 0 0 0
fn=openaux
60 20 1 1 0 0 0 10 0 0
63 100 1 1 40 0 0 20 0 0
64 20 0 0 10 0 0 0 0 0
67 10 0 0 10 0 0 0 0 0
68 20 0 0 20 0 0 0 0 0
fl=/build/eglibc-SvCtMH/eglibc-2.19/elf/dl-environ.c
fn=_dl_next_ld_env_entry
30 3 1 1 3 0 0 0 0 0
31 1 0 0 0 0 0 0 0 0
33 197 0 0 65 0 0 0 0 0
35 128 1 1 64 32 32 0 0 0
36 36 0 0 17 0 0 0 0 0
38 2 0 0 0 0 0 0 0 0
41 4 0 0 0 0 0 2 0 0
43 2 0 0 2 0 0 0 0 0
46 62 0 0 0 0 0 0 0 0
50 1 0 0 1 0 0 0 0 0
fl=/build/eglibc-SvCtMH/eglibc-2.19/elf/dl-error.c
fn=_dl_catch_error
163 44 1 1 0 0 0 33 0 0
175 22 0 0 0 0 0 22 3 3
176 22 1 1 0 0 0 22 1 1
177 22 0 0 0 0 0 22 0 0
178 22 0 0 0 0 0 11 0 0
180 22 0 0 11 0 0 22 2 2
181 22 0 0 11 0 0 11 0 0
182 22 0 0 0 0 0 11 0 0
185 66 1 1 0 0 0 11 0 0
187 33 0 0 22 0 0 11 0 0
188 33 0 0 22 0 0 11 0 0
189 22 0 0 11 0 0 11 0 0
190 22 0 0 11 0 0 11 0 0
191 22 1 1 11 0 0 11 0 0
199 44 0 0 22 0 0 0 0 0
fn=_dl_receive_error
205 10 0 0 0 0 0 6 0 0
206 2 0 0 1 0 0 1 0 0
210 1 0 0 1 0 0 0 0 0
211 1 1 1 1 0 0 0 0 0
214 1 0 0 0 0 0 1 0 0
215 1 0 0 0 0 0 1 0 0
217 2 0 0 0 0 0 1 0 0
219 1 0 0 0 0 0 1 0 0
220 1 0 0 0 0 0 1 0 0
221 8 0 0 7 0 0 0 0 0
fl=/build/eglibc-SvCtMH/eglibc-2.19/elf/dl-hwcaps.c
fn=_dl_important_hwcaps
39 12 1 1 0 0 0 10 2 2
41 1 0 0 1 0 0 0 0 0
42 4 0 0 0 0 0 1 0 0
51 3 1 1 1 0 0 0 0 0
61 4 1 1 1 0 0 1 0 0
92 2 1 1 0 0 0 0 0 0
113 1 1 1 0 0 0 0 0 0
115 5 0 0 0 0 0 1 0 0
130 6 1 1 0 0 0 0 0 0
131 2 0 0 0 0 0 0 0 0
133 2 0 0 0 0 0 0 0 0
145 2 1 1 0 0 0 0 0 0
162 2 1 1 0 0 0 0 0 0
170 2 1 1 1 0 0 0 0 0
172 4 0 0 1 0 0 1 0 0
173 4 0 0 1 0 0 1 0 0
177 3 1 1 0 0 0 1 0 0
178 1 0 0 0 0 0 1 0 0
181 2 0 0 0 0 0 0 0 0
184 2 0 0 0 0 0 0 0 0
188 12 1 1 2 0 0 3 0 0
189 2 0 0 0 0 0 0 0 0
207 12 2 2 1 0 0 6 0 0
208 5 0 0 0 0 0 1 1 1
209 4 1 1 2 0 0 0 0 0
238 3 0 0 0 0 0 2 0 0
241 2 0 0 0 0 0 0 0 0
243 5 1 1 2 0 0 2 0 0
244 7 0 0 2 0 0 4 0 0
269 19 2 2 3 0 0 0 0 0
270 8 0 0 0 0 0 4 0 0
274 12 1 1 0 0 0 0 0 0
277 28 0 0 0 0 0 0 0 0
278 24 1 1 0 0 0 0 0 0
279 12 0 0 8 0 0 0 0 0
281 4 0 0 0 0 0 0 0 0
284 3 0 0 1 0 0 0 0 0
285 1 0 0 0 0 0 0 0 0
286 12 1 1 3 0 0 0 0 0
299 6 0 0 2 0 0 2 0 0
300 2 0 0 0 0 0 0 0 0
302 4 0 0 0 0 0 0 0 0
305 3 0 0 2 0 0 1 0 0
307 1 0 0 0 0 0 0 0 0
308 8 0 0 7 0 0 0 0 0
fl=/build/eglibc-SvCtMH/eglibc-2.19/elf/dl-init.c
fn=_dl_init
36 47 1 1 8 0 0 7 0 0
86 11 1 1 0 0 0 6 0 0
87 1 0 0 1 1 0 0 0 0
88 1 0 0 1 0 0 0 0 0
91 3 1 1 1 0 0 0 0 0
94 2 0 0 0 0 0 1 0 0
98 4 0 0 1 0 0 0 0 0
125 24 0 0 0 0 0 0 0 0
126 21 0 0 14 0 0 0 0 0
132 8 0 0 7 0 0 0 0 0
fn=call_init.part.0
34 63 1 1 0 0 0 35 1 0
42 21 0 0 7 0 0 7 0 0
45 28 0 0 14 4 0 0 0 0
46 3 0 0 0 0 0 0 0 0
50 18 0 0 6 5 0 0 0 0
51 2 0 0 1 1 0 0 0 0
55 10 1 1 5 0 0 0 0 0
63 10 0 0 0 0 0 0 0 0
64 30 0 0 10 5 0 5 0 0
67 5 0 0 5 5 0 0 0 0
68 10 0 0 0 0 0 0 0 0
74 15 0 0 10 5 0 0 0 0
76 10 0 0 10 0 0 0 0 0
77 53 1 1 0 0 0 0 0 0
78 70 0 0 14 3 0 14 0 0
80 42 1 1 42 0 0 0 0 0
fl=/build/eglibc-SvCtMH/eglibc-2.19/elf/dl-load.c
fn=_dl_init_paths
714 9 2 2 0 0 0 6 0 0
727 6 0 0 2 0 0 2 0 0
731 1 0 0 0 0 0 1 0 0
732 3 0 0 0 0 0 1 0 0
733 2 0 0 0 0 0 0 0 0
740 5 1 1 0 0 0 0 0 0
741 5 0 0 1 0 0 2 0 0
744 1 0 0 0 0 0 1 0 0
745 2 0 0 0 0 0 1 0 0
747 3 1 1 1 0 0 0 0 0
753 1 0 0 0 0 0 1 0 0
754 1 0 0 0 0 0 1 0 0
762 13 0 0 0 0 0 3 1 1
764 8 0 0 0 0 0 4 0 0
765 7 0 0 0 0 0 4 3 3
767 8 2 2 0 0 0 4 0 0
768 14 0 0 3 1 1 4 1 1
769 33 1 1 4 0 0 13 0 0
772 9 0 0 3 1 1 0 0 0
776 27 0 0 15 0 0 5 0 0
782 1 0 0 0 0 0 1 1 1
783 1 0 0 0 0 0 1 0 0
787 1 1 1 1 0 0 0 0 0
788 2 0 0 0 0 0 0 0 0
790 4 1 1 1 0 0 0 0 0
792 3 0 0 1 0 0 0 0 0
809 1 1 1 0 0 0 1 0 0
811 3 1 1 1 0 0 0 0 0
825 2 1 1 0 0 0 1 0 0
830 4 1 1 1 0 0 0 0 0
838 5 0 0 0 0 0 1 0 0
840 11 1 1 0 0 0 2 0 0
856 2 0 0 0 0 0 0 0 0
857 46 0 0 15 0 0 0 0 0
859 14 1 1 0 0 0 0 0 0
860 42 0 0 0 0 0 0 0 0
861 14 0 0 0 0 0 0 0 0
864 1 0 0 0 0 0 1 0 0
865 1 0 0 0 0 0 1 0 0
866 2 0 0 0 0 0 0 0 0
872 8 1 1 1 0 0 2 0 0
876 3 0 0 2 0 0 0 0 0
882 1 0 0 0 0 0 1 0 0
886 8 0 0 7 0 0 0 0 0
fn=_dl_map_object
161 16 0 0 0 0 0 8 0 0
162 8 1 1 0 0 0 4 0 0
164 12 0 0 4 0 0 0 0 0
167 16 0 0 4 0 0 4 0 0
691 39 2 2 13 0 0 0 0 0
694 10 0 0 0 0 0 2 0 0
2317 110 1 1 0 0 0 88 6 6
2324 22 0 0 0 0 0 0 0 0
2325 22 1 1 11 1 1 0 0 0
2328 222 0 0 52 0 0 0 0 0
2333 141 1 1 47 0 0 0 0 0
2334 94 0 0 0 0 0 0 0 0
2336 241 0 0 0 0 0 47 1 1
2340 82 0 0 41 0 0 0 0 0
2341 123 1 1 41 0 0 0 0 0
2344 22 0 0 22 0 0 0 0 0
2345 44 0 0 44 0 0 0 0 0
2346 88 0 0 0 0 0 22 0 0
2362 10 1 1 5 0 0 0 0 0
2372 30 0 0 5 0 0 5 0 0
2396 5 0 0 0 0 0 5 2 2
2398 25 0 0 0 0 0 5 0 0
2402 16 2 2 0 0 0 8 0 0
2404 8 0 0 4 0 0 0 0 0
2411 16 0 0 4 0 0 0 0 0
2415 8 1 1 4 0 0 4 0 0
2416 12 0 0 0 0 0 4 0 0
2420 15 0 0 5 0 0 0 0 0
2421 8 0 0 1 0 0 0 0 0
2423 44 1 1 0 0 0 16 0 0
2435 16 1 1 12 0 0 0 0 0
2436 28 2 2 8 0 0 0 0 0
2437 4 0 0 0 0 0 0 0 0
2446 13 0 0 4 0 0 1 0 0
2447 72 2 2 8 0 0 16 0 0
2453 24 0 0 0 0 0 8 0 0
2454 6 0 0 0 0 0 0 0 0
2456 8 1 1 4 0 0 4 0 0
2462 16 0 0 0 0 0 4 0 0
2464 12 1 1 4 0 0 0 0 0
2468 12 0 0 0 0 0 8 0 0
2470 8 0 0 0 0 0 0 0 0
2474 12 0 0 4 0 0 0 0 0
2482 8 0 0 4 0 0 0 0 0
2504 36 1 1 8 0 0 4 0 0
2507 12 0 0 0 0 0 4 0 0
2509 4 0 0 0 0 0 4 0 0
2510 12 0 0 4 0 0 0 0 0
2530 8 1 1 4 0 0 0 0 0
2536 1 0 0 0 0 0 1 0 0
2538 6 1 1 0 0 0 1 0 0
2539 3 0 0 0 0 0 0 0 0
2540 1 0 0 0 0 0 0 0 0
2543 7 0 0 0 0 0 1 0 0
2546 2 1 1 0 0 0 0 0 0
2558 20 0 0 5 0 0 0 0 0
2560 10 0 0 0 0 0 0 0 0
2604 10 0 0 5 0 0 5 0 0
2605 60 1 1 10 0 0 20 0 0
2607 88 0 0 77 0 0 0 0 0
fn=_dl_map_object_from_fd
474 8 1 1 4 0 0 0 0 0
923 75 2 2 0 0 0 50 1 1
934 20 0 0 5 0 0 10 2 2
935 5 1 1 0 0 0 5 0 0
938 30 1 1 0 0 0 5 0 0
949 95 0 0 30 0 0 0 0 0
950 95 1 1 50 2 2 0 0 0
967 10 1 1 5 0 0 0 0 0
992 10 0 0 5 0 0 0 0 0
1002 10 0 0 5 0 0 0 0 0
1024 20 0 0 10 0 0 0 0 0
1056 10 0 0 0 0 0 0 0 0
1059 40 0 0 20 0 0 5 0 0
1060 10 0 0 0 0 0 0 0 0
1071 15 1 1 10 0 0 5 2 2
1072 15 0 0 10 0 0 5 0 0
1073 10 0 0 5 0 0 5 0 0
1075 25 0 0 0 0 0 0 0 0
1076 20 1 1 10 0 0 0 0 0
1077 5 0 0 0 0 0 0 0 0
1092 5 0 0 0 0 0 5 0 0
1101 60 1 1 10 0 0 15 0 0
1102 5 0 0 0 0 0 0 0 0
1103 5 0 0 0 0 0 0 0 0
1109 335 0 0 0 0 0 0 0 0
1110 321 1 1 40 0 0 0 0 0
1116 10 0 0 5 0 0 5 0 0
1117 15 1 1 5 0 0 5 0 0
1118 5 0 0 0 0 0 0 0 0
1121 4 0 0 2 0 0 2 0 0
1122 2 0 0 0 0 0 0 0 0
1127 50 1 1 20 0 0 0 0 0
1133 60 1 1 20 0 0 0 0 0
1134 10 0 0 0 0 0 0 0 0
1141 50 0 0 10 0 0 0 0 0
1142 40 1 1 0 0 0 10 4 4
1143 30 0 0 10 0 0 0 0 0
1144 20 0 0 0 0 0 10 3 3
1145 10 0 0 0 0 0 10 0 0
1146 20 0 0 10 0 0 10 2 2
1147 20 0 0 0 0 0 10 0 0
1151 20 0 0 0 0 0 0 0 0
1152 15 0 0 5 0 0 0 0 0
1157 70 0 0 10 0 0 10 1 1
1167 10 0 0 0 0 0 0 0 0
1170 6 1 1 2 0 0 0 0 0
1174 2 0 0 0 0 0 2 2 2
1175 4 0 0 2 0 0 2 0 0
1176 4 0 0 0 0 0 0 0 0
1177 2 0 0 0 0 0 0 0 0
1179 6 0 0 2 0 0 2 0 0
1180 4 1 1 2 0 0 2 1 1
1183 4 0 0 2 0 0 2 0 0
1187 8 0 0 2 0 0 0 0 0
1193 6 0 0 2 0 0 4 2 2
1194 2 0 0 0 0 0 0 0 0
1198 20 0 0 5 0 0 5 0 0
1206 25 1 1 0 0 0 0 0 0
1250 10 1 1 5 0 0 5 0 0
1251 20 1 1 0 0 0 0 0 0
1254 8 0 0 4 0 0 4 1 1
1255 12 0 0 8 0 0 4 0 0
1256 4 0 0 0 0 0 0 0 0
1259 15 0 0 0 0 0 0 0 0
1272 40 1 1 25 0 0 5 0 0
1274 10 0 0 5 0 0 0 0 0
1288 5 0 0 5 0 0 0 0 0
1293 35 1 1 20 0 0 10 2 2
1297 10 0 0 0 0 0 0 0 0
1304 15 0 0 5 0 0 5 0 0
1305 15 0 0 10 0 0 5 0 0
1307 10 1 1 0 0 0 0 0 0
1313 30 1 1 5 0 0 5 0 0
1314 5 2 1 5 0 0 0 0 0
1317 5 0 0 5 0 0 0 0 0
1319 5 0 0 5 0 0 0 0 0
1340 50 1 1 10 0 0 0 0 0
1342 20 0 0 10 0 0 0 0 0
1344 50 0 0 20 0 0 5 0 0
1352 30 0 0 10 0 0 0 0 0
1353 15 0 0 10 0 0 5 0 0
1355 20 0 0 10 1 1 0 0 0
1356 15 1 1 9 0 0 0 0 0
1357 18 0 0 6 0 0 0 0 0
1358 15 1 1 3 0 0 0 0 0
1360 12 0 0 0 0 0 3 0 0
1363 40 1 1 20 0 0 0 0 0
1369 10 0 0 5 0 0 0 0 0
1370 5 0 0 0 0 0 0 0 0
1371 25 0 0 5 0 0 0 0 0
1372 10 0 0 0 0 0 0 0 0
1379 10 0 0 0 0 0 0 0 0
1382 10 0 0 0 0 0 0 0 0
1393 35 0 0 0 0 0 15 1 1
1394 25 0 0 15 0 0 0 0 0
1399 10 0 0 0 0 0 0 0 0
1403 16 0 0 2 0 0 2 0 0
1406 4 0 0 0 0 0 0 0 0
1414 10 1 1 0 0 0 0 0 0
1418 20 0 0 10 0 0 0 0 0
1427 15 0 0 5 0 0 5 0 0
1433 10 0 0 0 0 0 0 0 0
1449 15 0 0 5 0 0 0 0 0
1468 10 0 0 5 0 0 5 0 0
1470 25 1 1 10 0 0 0 0 0
1525 15 0 0 5 3 3 0 0 0
1526 4 0 0 2 0 0 2 0 0
1529 20 0 0 5 0 0 5 0 0
1537 35 3 3 5 0 0 0 0 0
1540 20 0 0 10 0 0 5 0 0
1542 10 0 0 5 0 0 0 0 0
1558 10 1 1 0 0 0 5 0 0
1562 10 0 0 5 0 0 0 0 0
1563 10 0 0 5 0 0 0 0 0
1580 10 0 0 5 0 0 0 0 0
1581 1 0 0 0 0 0 1 0 0
1584 10 0 0 5 0 0 5 0 0
1585 10 1 1 5 0 0 5 0 0
1589 10 0 0 5 0 0 0 0 0
1599 15 0 0 5 0 0 5 0 0
1603 20 0 0 5 0 0 0 0 0
1623 40 1 1 35 0 0 0 0 0
fn=cache_rpath.part.5
686 18 1 1 0 0 0 12 0 0
697 8 0 0 2 0 0 0 0 0
700 2 1 1 0 0 0 2 0 0
708 16 0 0 14 0 0 0 0 0
fn=expand_dynamic_string_token
161 6 0 0 0 0 0 2 0 0
162 4 0 0 0 0 0 2 0 0
164 4 0 0 0 0 0 0 0 0
167 8 1 1 0 0 0 0 0 0
415 16 2 2 0 0 0 10 0 0
425 10 0 0 0 0 0 2 0 0
440 10 0 0 10 0 0 0 0 0
fn=fillin_rpath
486 17 2 2 0 0 0 12 0 0
488 1 0 0 0 0 0 0 0 0
491 7 0 0 0 0 0 2 0 0
495 5 1 1 1 0 0 1 0 0
497 3 0 0 0 0 0 1 0 0
501 2 0 0 0 0 0 0 0 0
508 8 1 1 1 0 0 0 0 0
513 2 1 1 0 0 0 1 0 0
516 5 0 0 1 0 0 0 0 0
523 18 2 2 5 0 0 1 0 0
524 8 0 0 4 0 0 0 0 0
542 4 1 1 1 0 0 1 0 0
545 2 0 0 0 0 0 1 0 0
546 4 1 1 2 0 0 1 0 0
547 4 0 0 0 0 0 2 0 0
548 4 0 0 2 0 0 0 0 0
552 1 0 0 0 0 0 1 1 1
553 1 0 0 0 0 0 0 0 0
554 5 0 0 0 0 0 3 0 0
555 1 0 0 0 0 0 1 0 0
557 3 1 1 2 0 0 0 0 0
563 4 0 0 1 0 0 0 0 0
564 14 1 1 0 0 0 0 0 0
565 10 0 0 0 0 0 2 0 0
567 2 0 0 1 0 0 1 0 0
568 2 1 1 1 0 0 0 0 0
573 2 1 1 0 0 0 1 0 0
575 2 0 0 1 0 0 1 0 0
576 1 1 1 0 0 0 1 0 0
579 3 0 0 0 0 0 1 0 0
581 4 0 0 2 0 0 1 0 0
585 1 0 0 0 0 0 1 0 0
588 9 0 0 7 0 0 0 0 0
fn=open_path
2168 56 2 2 0 0 0 48 3 3
2169 8 0 0 4 0 0 4 0 0
2172 4 0 0 0 0 0 4 0 0
2173 4 0 0 0 0 0 4 0 0
2175 8 0 0 0 0 0 0 0 0
2180 32 1 1 8 0 0 0 0 0
2183 4 0 0 4 0 0 0 0 0
2187 8 0 0 0 0 0 0 0 0
2192 8 0 0 4 0 0 0 0 0
2199 20 1 1 8 0 0 8 2 2
2200 76 0 0 7 0 0 0 0 0
2203 32 1 1 16 0 0 0 0 0
2207 91 1 1 42 0 0 14 0 0
2210 7 0 0 0 0 0 0 0 0
2213 14 0 0 7 0 0 0 0 0
2216 49 0 0 28 0 0 7 0 0
2218 21 0 0 7 0 0 0 0 0
2220 8 0 0 0 0 0 0 0 0
2225 8 1 1 4 0 0 0 0 0
2226 36 1 1 16 0 0 0 0 0
2232 32 0 0 8 0 0 8 0 0
2234 24 0 0 4 0 0 4 0 0
2235 2 0 0 1 0 0 0 0 0
2237 21 1 1 4 0 0 4 0 0
2244 20 0 0 0 0 0 0 0 0
2246 9 0 0 0 0 0 0 0 0
2254 8 0 0 0 0 0 4 0 0
2282 4 0 0 0 0 0 0 0 0
2285 20 1 1 4 0 0 0 0 0
2290 4 0 0 4 0 0 0 0 0
2292 16 0 0 12 0 0 0 0 0
2295 12 1 1 4 0 0 0 0 0
2309 35 1 1 28 0 0 0 0 0
fn=open_verify
1873 12 1 1 0 0 0 8 0 0
1909 3 0 0 1 0 0 0 0 0
1930 5 1 1 1 0 0 2 1 1
1931 2 0 0 0 0 0 0 0 0
1941 1 0 0 0 0 0 1 0 0
1942 2 0 0 0 0 0 1 0 0
1947 6 1 1 1 0 0 1 0 0
1949 2 0 0 0 0 0 0 0 0
1951 3 0 0 1 0 0 1 0 0
1953 2 0 0 0 0 0 0 0 0
1959 2 0 0 0 0 0 0 0 0
1975 11 1 1 0 0 0 1 0 0
1977 1 0 0 1 0 0 0 0 0
1979 4 0 0 0 0 0 1 0 0
2006 3 1 1 2 0 0 0 0 0
2050 2 0 0 1 0 0 0 0 0
2055 2 1 1 1 0 0 0 0 0
2058 4 0 0 1 0 0 0 0 0
2063 2 0 0 1 1 1 0 0 0
2070 5 0 0 1 0 0 0 0 0
2071 4 1 1 1 0 0 0 0 0
2072 1 0 0 0 0 0 0 0 0
2087 61 0 0 0 0 0 0 0 0
2089 19 1 1 9 5 5 0 0 0
2093 4 0 0 2 0 0 0 0 0
2094 2 0 0 0 0 0 0 0 0
2103 6 2 2 0 0 0 1 0 0
2106 1 0 0 0 0 0 0 0 0
2107 3 0 0 1 0 0 0 0 0
2108 3 0 0 1 0 0 0 0 0
2110 3 0 0 0 0 0 0 0 0
2154 8 1 1 7 0 0 0 0 0
fn=open_verify.constprop.6
1871 121 1 1 0 0 0 77 2 2
1909 33 0 0 11 0 0 0 0 0
1930 55 0 0 11 0 0 22 2 2
1931 22 1 1 0 0 0 0 0 0
1941 4 0 0 0 0 0 4 0 0
1942 8 0 0 0 0 0 4 0 0
1947 24 0 0 4 0 0 4 0 0
1949 8 0 0 0 0 0 0 0 0
1951 12 0 0 4 0 0 4 0 0
1953 8 1 1 0 0 0 0 0 0
1959 8 0 0 0 0 0 0 0 0
1975 44 0 0 0 0 0 4 0 0
1977 4 0 0 4 0 0 0 0 0
1979 16 1 1 0 0 0 4 0 0
2005 4 1 1 2 0 0 0 0 0
2050 8 0 0 4 1 1 0 0 0
2055 8 0 0 4 0 0 0 0 0
2058 16 1 1 4 0 0 0 0 0
2063 8 0 0 4 0 0 0 0 0
2070 28 1 1 4 0 0 0 0 0
2071 16 0 0 4 0 0 0 0 0
2072 4 0 0 0 0 0 0 0 0
2087 214 0 0 2 0 0 0 0 0
2089 72 1 1 34 6 6 0 0 0
2093 16 0 0 8 0 0 0 0 0
2094 8 0 0 0 0 0 0 0 0
2103 36 1 1 0 0 0 6 0 0
2106 4 0 0 0 0 0 0 0 0
2107 12 0 0 4 0 0 0 0 0
2108 12 0 0 4 0 0 0 0 0
2110 12 0 0 0 0 0 0 0 0
2115 2 0 0 0 0 0 0 0 0
2116 2 0 0 0 0 0 0 0 0
2119 4 1 1 0 0 0 0 0 0
2122 6 0 0 2 0 0 0 0 0
2123 10 0 0 2 0 0 0 0 0
2124 4 0 0 2 1 1 0 0 0
2125 6 0 0 2 0 0 0 0 0
2126 12 0 0 4 0 0 0 0 0
2131 7 1 1 0 0 0 0 0 0
2154 88 0 0 77 0 0 0 0 0
fl=/build/eglibc-SvCtMH/eglibc-2.19/elf/dl-lookup.c
fn=_dl_lookup_symbol_x
475 2586 1 1 0 0 0 0 0 0
476 206934 0 0 51087 1281 1081 1293 0 0
477 199176 0 0 0 0 0 0 0 0
714 18102 1 1 0 0 0 10344 7 0
716 2586 1 1 0 0 0 1293 1 0
717 2586 0 0 0 0 0 2586 0 0
720 1293 0 0 1293 2 0 0 0 0
724 5130 0 0 1272 0 0 0 0 0
728 2586 1 1 0 0 0 1293 0 0
729 2586 0 0 1293 0 0 0 0 0
731 2586 0 0 2586 8 0 0 0 0
735 10424 1 1 20 0 0 2586 0 0
737 16809 1 1 7758 0 0 9051 4 0
740 2586 0 0 0 0 0 0 0 0
743 20 0 0 0 0 0 0 0 0
766 2586 0 0 1293 0 0 0 0 0
768 140 2 2 40 0 0 0 0 0
784 20 0 0 0 0 0 20 0 0
785 40 0 0 0 0 0 0 0 0
788 1273 0 0 1273 0 0 0 0 0
789 8911 0 0 2546 0 0 0 0 0
815 1273 1 1 0 0 0 0 0 0
824 6365 0 0 1273 0 0 0 0 0
838 3819 0 0 1273 9 1 0 0 0
839 2 1 1 0 0 0 1 0 0
841 5092 0 0 2546 0 0 0 0 0
846 1273 1 1 0 0 0 1273 0 0
848 10344 0 0 9051 0 0 0 0 0
fn=_dl_setup_hash
859 21 1 1 7 0 0 0 0 0
863 7 0 0 7 0 0 0 0 0
867 14 0 0 7 7 7 7 1 1
868 7 0 0 7 0 0 0 0 0
869 7 0 0 7 2 2 0 0 0
871 21 0 0 0 0 0 0 0 0
872 7 0 0 0 0 0 7 0 0
873 21 1 1 7 0 0 7 0 0
875 7 0 0 0 0 0 7 0 0
876 14 0 0 0 0 0 0 0 0
878 7 0 0 0 0 0 7 0 0
879 7 0 0 0 0 0 0 0 0
880 28 0 0 0 0 0 7 0 0
881 7 0 0 7 0 0 0 0 0
fn=check_match.9481
131 8911 1 1 0 0 0 5092 0 0
132 2546 0 0 1273 32 17 0 0 0
134 5092 1 1 2546 160 127 0 0 0
136 3819 0 0 1273 0 0 0 0 0
146 3819 0 0 1273 0 0 1273 12 0
149 2762 0 0 1381 0 0 36 0 0
153 2546 1 1 2546 4 0 0 0 0
154 3819 0 0 1273 0 0 0 0 0
156 2544 0 0 0 0 0 0 0 0
175 2544 0 0 2544 27 9 0 0 0
176 10176 0 0 3816 7 0 0 0 0
177 6360 1 1 2544 4 0 1272 2 0
204 2 0 0 0 0 0 0 0 0
206 6 0 0 2 1 0 0 0 0
207 4 0 0 1 0 0 0 0 0
222 8911 1 1 6365 0 0 0 0 0
fn=do_lookup_x
77 10344 0 0 3879 0 0 6465 5 1
82 15516 2 2 2586 0 0 9051 7 0
83 1293 0 0 1293 3 0 0 0 0
89 1293 0 0 1293 0 0 0 0 0
95 4195 0 0 0 0 0 4195 0 0
96 4195 0 0 0 0 0 4195 0 0
98 12585 0 0 8390 31 0 4195 0 0
101 8390 0 0 0 0 0 0 0 0
105 8390 0 0 4195 0 0 0 0 0
109 8390 1 1 4195 20 0 0 0 0
113 8390 0 0 4195 1 0 0 0 0
119 12585 0 0 4195 12 0 0 0 0
123 8390 0 0 8390 48 0 0 0 0
124 12585 1 1 8390 2 0 4195 0 0
225 4195 0 0 4195 0 0 0 0 0
226 8390 0 0 0 0 0 0 0 0
228 4195 0 0 4195 576 105 0 0 0
229 2586 0 0 0 0 0 0 0 0
230 8390 0 0 4195 0 0 0 0 0
232 5172 1 1 0 0 0 0 0 0
233 16780 0 0 4195 0 0 0 0 0
236 16780 1 1 0 0 0 0 0 0
237 12585 0 0 0 0 0 0 0 0
239 2670 0 0 2670 498 120 0 0 0
240 5340 1 1 0 0 0 0 0 0
241 2670 1 1 0 0 0 0 0 0
243 3996 0 0 1332 0 0 0 0 0
246 18035 0 0 3607 1061 302 0 0 0
248 10184 0 0 2546 0 0 2546 0 0
249 10184 1 1 0 0 0 6365 2 0
250 6365 1 1 3819 0 0 0 0 0
253 7002 0 0 0 0 0 0 0 0
257 2922 0 0 0 0 0 2922 0 0
281 5844 0 0 2922 0 0 0 0 0
286 6584 1 1 1273 0 0 0 0 0
290 5071 1 1 875 1 0 1223 0 0
303 2546 0 0 1273 0 0 1273 0 0
304 2546 0 0 1273 0 0 1273 0 0
305 1273 0 0 0 0 0 0 0 0
316 650 2 2 50 0 0 0 0 0
317 720 0 0 50 0 0 0 0 0
318 1221 2 2 204 58 57 0 0 0
320 168 0 0 0 0 0 0 0 0
321 168 0 0 0 0 0 0 0 0
322 106 0 0 0 0 0 0 0 0
325 120 0 0 0 0 0 120 0 0
326 120 0 0 0 0 0 120 0 0
327 170 0 0 50 0 0 120 0 0
328 212 0 0 0 0 0 120 0 0
331 350 0 0 50 0 0 50 0 0
332 50 0 0 50 0 0 0 0 0
334 100 0 0 50 2 0 50 0 0
336 100 1 1 50 0 0 50 0 0
337 50 0 0 50 0 0 0 0 0
338 100 0 0 0 0 0 0 0 0
340 196 0 0 0 0 0 0 0 0
341 637 1 1 0 0 0 49 0 0
344 975 1 1 345 41 27 0 0 0
345 98 0 0 49 0 0 49 0 0
364 326 0 0 0 0 0 0 0 0
368 258 0 0 0 0 0 0 0 0
369 138 0 0 0 0 0 0 0 0
372 441 2 2 98 0 0 49 0 0
377 6 0 0 2 2 0 0 0 0
379 8 0 0 0 0 0 2 0 0
380 8 0 0 0 0 0 2 0 0
382 6 0 0 0 0 0 0 0 0
389 204 1 1 2 0 0 2 0 0
390 276 0 0 92 17 2 0 0 0
391 210 0 0 210 0 0 0 0 0
395 6 0 0 6 2 0 2 0 0
396 2 0 0 0 0 0 2 0 0
398 2 0 0 0 0 0 2 0 0
399 6 0 0 2 2 0 4 0 0
406 3 1 1 1 1 0 0 0 0
415 2 1 1 0 0 0 0 0 0
424 1 0 0 0 0 0 0 0 0
425 5 0 0 0 0 0 2 0 0
426 2 0 0 0 0 0 0 0 0
429 2 0 0 1 0 0 1 0 0
430 2 1 1 0 0 0 1 0 0
431 4 0 0 1 1 0 2 1 0
434 100 0 0 50 0 0 0 0 0
435 150 1 1 150 0 0 0 0 0
439 50 0 0 50 0 0 0 0 0
442 200 0 0 50 0 0 0 0 0
447 100 1 1 100 0 0 0 0 0
449 150 0 0 100 0 0 50 0 0
451 50 0 0 0 0 0 0 0 0
461 17100 0 0 5700 8 0 0 0 0
462 1320 0 0 480 0 0 480 0 0
465 8766 1 1 0 0 0 0 0 0
468 40 0 0 0 0 0 0 0 0
469 10394 1 1 9051 0 0 50 0 0
fl=/build/eglibc-SvCtMH/eglibc-2.19/elf/dl-minimal.c
fn=__libc_memalign
51 160 1 1 0 0 0 80 1 1
52 198 1 1 79 3 0 0 0 0
57 3 0 0 0 0 0 1 0 0
58 3 1 1 1 0 0 0 0 0
59 1 0 0 0 0 0 0 0 0
63 120 0 0 0 0 0 40 0 0
64 40 0 0 0 0 0 0 0 0
66 260 0 0 0 0 0 0 0 0
70 20 1 1 5 0 0 0 0 0
71 15 0 0 0 0 0 0 0 0
77 35 0 0 0 0 0 5 0 0
79 25 0 0 10 0 0 0 0 0
83 15 0 0 0 0 0 5 0 0
86 40 0 0 0 0 0 40 0 0
87 40 0 0 0 0 0 40 0 0
89 305 1 1 120 0 0 0 0 0
fn=calloc
102 17 1 1 0 0 0 0 0 0
106 17 0 0 0 0 0 0 0 0
109 85 0 0 0 0 0 0 0 0
113 17 0 0 0 0 0 0 0 0
fn=free
119 6 0 0 0 0 0 3 0 0
121 6 2 1 3 0 0 0 0 0
128 6 0 0 6 0 0 0 0 0
fn=malloc
93 39 0 0 0 0 0 0 0 0
94 78 0 0 0 0 0 0 0 0
fn=strsep
338 4 1 1 2 0 0 0 0 0
340 2 0 0 2 0 0 0 0 0
341 4 0 0 0 0 0 0 0 0
345 76 1 1 15 0 0 0 0 0
350 56 0 0 28 0 0 0 0 0
352 84 0 0 28 0 0 0 0 0
360 14 0 0 0 0 0 0 0 0
363 1 0 0 0 0 0 1 0 0
367 2 0 0 2 0 0 0 0 0
fl=/build/eglibc-SvCtMH/eglibc-2.19/elf/dl-misc.c
fn=_dl_higher_prime_number
344 2 0 0 0 0 0 0 0 0
345 4 0 0 0 0 0 0 0 0
347 20 0 0 0 0 0 0 0 0
349 74 1 1 0 0 0 0 0 0
350 37 0 0 10 4 2 0 0 0
351 3 0 0 0 0 0 0 0 0
365 2 0 0 2 0 0 0 0 0
366 2 0 0 2 0 0 0 0 0
fn=_dl_name_match_p
288 1090 1 1 0 0 0 436 0 0
289 872 0 0 218 6 0 218 3 1
290 234 0 0 0 0 0 0 0 0
292 218 1 1 218 0 0 0 0 0
294 866 0 0 0 0 0 0 0 0
295 1155 0 0 231 18 0 231 0 0
298 215 0 0 215 0 0 0 0 0
300 202 0 0 0 0 0 0 0 0
301 1090 1 1 654 0 0 0 0 0
fn=_dl_sysdep_read_whole_file
45 7 1 1 0 0 0 4 1 1
46 1 0 0 0 0 0 0 0 0
52 4 0 0 0 0 0 1 0 0
53 2 0 0 0 0 0 0 0 0
55 6 0 0 0 0 0 1 0 0
57 2 1 1 1 0 0 1 1 1
60 2 0 0 0 0 0 0 0 0
62 8 1 1 0 0 0 1 0 0
73 2 0 0 0 0 0 1 0 0
76 7 0 0 5 0 0 0 0 0
fl=/build/eglibc-SvCtMH/eglibc-2.19/elf/dl-object.c
fn=_dl_add_to_namespace_list
32 30 2 2 0 0 0 12 0 0
34 12 0 0 6 0 0 6 0 0
36 43 0 0 6 0 0 0 0 0
39 60 0 0 20 0 0 0 0 0
40 15 0 0 0 0 0 0 0 0
41 5 0 0 0 0 0 5 0 0
43 5 0 0 0 0 0 5 0 0
46 2 1 1 0 0 0 1 0 0
47 18 0 0 6 0 0 0 0 0
48 12 0 0 6 0 0 6 0 0
49 12 0 0 0 0 0 6 0 0
51 18 0 0 6 0 0 0 0 0
52 18 0 0 12 0 0 0 0 0
fn=_dl_new_object
61 84 1 1 0 0 0 60 1 1
62 30 1 1 0 0 0 6 0 0
68 72 0 0 12 0 0 0 0 0
75 30 1 1 0 0 0 12 0 0
78 12 0 0 0 0 0 0 0 0
81 6 0 0 0 0 0 6 6 6
82 12 0 0 0 0 0 6 6 6
86 12 0 0 0 0 0 6 1 1
87 30 1 1 12 0 0 12 2 2
89 6 0 0 0 0 0 6 0 0
97 30 0 0 12 0 0 6 0 0
98 36 1 1 12 6 6 6 0 0
101 12 0 0 6 0 0 0 0 0
102 13 1 1 0 0 0 6 6 6
103 6 0 0 0 0 0 6 0 0
107 6 0 0 0 0 0 6 0 0
110 49 0 0 0 0 0 0 0 0
112 32 0 0 0 0 0 16 5 5
122 12 1 1 0 0 0 6 1 1
123 6 0 0 0 0 0 6 6 6
126 6 0 0 0 0 0 0 0 0
128 36 0 0 6 0 0 0 0 0
130 15 0 0 0 0 0 5 2 2
133 13 1 1 0 0 0 0 0 0
137 18 0 0 6 0 0 0 0 0
138 1 0 0 0 0 0 0 0 0
141 33 1 1 5 0 0 0 0 0
143 1 0 0 0 0 0 0 0 0
149 1 0 0 0 0 0 1 1 1
152 12 2 1 0 0 0 6 1 1
155 30 0 0 12 0 0 0 0 0
157 25 0 0 5 0 0 10 0 0
161 25 1 1 0 0 0 0 0 0
165 15 1 1 0 0 0 5 0 0
166 20 0 0 0 0 0 0 0 0
211 20 0 0 10 0 0 5 0 0
216 163 0 0 0 0 0 0 0 0
217 178 0 0 84 0 0 0 0 0
222 10 0 0 0 0 0 5 0 0
225 10 0 0 0 0 0 5 1 1
229 48 1 1 42 0 0 0 0 0
fl=/build/eglibc-SvCtMH/eglibc-2.19/elf/dl-open.c
fn=_dl_find_dso_for_object
182 5 2 2 1 0 0 0 0 0
183 16 1 1 5 1 0 0 0 0
184 20 0 0 10 2 0 0 0 0
185 2 0 0 1 0 0 0 0 0
188 2 0 0 1 0 0 0 0 0
192 1 0 0 1 0 0 0 0 0
fl=/build/eglibc-SvCtMH/eglibc-2.19/elf/dl-profstub.c
fn=_dl_mcount_wrapper_check
38 384 2 2 256 0 0 0 0 0
39 128 0 0 128 0 0 0 0 0
fl=/build/eglibc-SvCtMH/eglibc-2.19/elf/dl-reloc.c
fn=_dl_relocate_object
154 84 2 2 0 0 0 56 0 0
161 7 0 0 0 0 0 7 0 0
164 14 0 0 0 0 0 0 0 0
165 35 0 0 0 0 0 21 0 0
169 14 0 0 0 0 0 0 0 0
170 28 0 0 14 2 0 0 0 0
176 14 0 0 7 0 0 0 0 0
182 21 1 1 7 0 0 0 0 0
183 14 1 1 7 7 0 0 0 0
186 14 0 0 7 0 0 0 0 0
193 14 0 0 7 2 0 0 0 0
238 21 0 0 14 0 0 7 0 0
264 414 4 4 146 24 1 95 0 0
267 21 0 0 7 0 0 0 0 0
295 7 0 0 7 0 0 0 0 0
298 14 0 0 7 0 0 0 0 0
315 21 1 1 7 3 0 0 0 0
317 56 0 0 49 2 0 0 0 0
323 24 2 2 12 1 0 0 0 0
324 12 0 0 6 0 0 0 0 0
325 12 0 0 0 0 0 0 0 0
328 12 0 0 0 0 0 0 0 0
329 30 0 0 0 0 0 6 0 0
fl=/build/eglibc-SvCtMH/eglibc-2.19/elf/dl-tls.c
fn=_dl_add_to_slotinfo
831 8 1 1 0 0 0 6 0 0
837 4 0 0 2 0 0 0 0 0
840 2 0 0 2 2 0 0 0 0
845 10 0 0 2 1 0 0 0 0
886 2 1 1 0 0 0 2 2 0
887 6 0 0 2 2 0 2 0 0
888 8 0 0 8 0 0 0 0 0
fn=_dl_allocate_tls_init
376 8 1 1 0 0 0 7 0 0
377 2 0 0 0 0 0 0 0 0
381 3 1 1 2 1 0 1 0 0
383 1 0 0 0 0 0 0 0 0
384 1 0 0 0 0 0 0 0 0
389 3 0 0 1 0 0 1 0 0
394 17 0 0 2 0 0 0 0 0
400 11 1 1 0 0 0 0 0 0
403 2 1 1 2 0 0 0 0 0
404 4 0 0 0 0 0 0 0 0
410 6 0 0 2 0 0 0 0 0
412 4 1 1 0 0 0 0 0 0
413 4 0 0 2 1 0 0 0 0
422 4 0 0 2 0 0 0 0 0
423 8 0 0 4 0 0 0 0 0
425 4 0 0 0 0 0 0 0 0
426 4 1 1 2 0 0 0 0 0
434 8 0 0 2 0 0 2 1 0
435 2 0 0 0 0 0 2 0 0
436 22 0 0 8 0 0 4 0 0
450 2 1 1 1 0 0 1 0 0
452 1 0 0 1 0 0 0 0 0
453 8 0 0 7 0 0 0 0 0
fn=_dl_allocate_tls_storage
295 2 1 1 1 0 0 0 0 0
296 3 0 0 0 0 0 1 0 0
297 2 0 0 0 0 0 0 0 0
300 1 0 0 0 0 0 1 1 1
306 2 0 0 0 0 0 1 0 0
328 3 1 1 0 0 0 3 0 0
330 1 0 0 1 0 0 0 0 0
341 4 0 0 1 0 0 1 0 0
342 2 0 0 0 0 0 0 0 0
349 1 0 0 0 0 0 0 0 0
353 306 1 1 0 0 0 288 36 36
370 5 0 0 4 0 0 0 0 0
fn=_dl_determine_tlsoffset
112 7 1 1 0 0 0 6 0 0
113 2 0 0 0 0 0 0 0 0
114 1 0 0 0 0 0 0 0 0
115 1 0 0 0 0 0 0 0 0
118 3 0 0 1 0 0 0 0 0
121 2 0 0 1 0 0 0 0 0
123 1 0 0 0 0 0 0 0 0
155 1 0 0 0 0 0 0 0 0
157 16 0 0 3 0 0 0 0 0
159 5 1 1 1 0 0 0 0 0
161 6 0 0 2 0 0 0 0 0
162 4 1 1 2 0 0 0 0 0
164 4 0 0 0 0 0 0 0 0
166 10 0 0 2 0 0 0 0 0
168 4 1 1 0 0 0 0 0 0
182 16 0 0 0 0 0 0 0 0
184 6 0 0 0 0 0 0 0 0
185 2 0 0 0 0 0 0 0 0
194 2 1 1 0 0 0 2 0 0
197 4 0 0 0 0 0 1 0 0
198 1 0 0 0 0 0 1 0 0
249 1 0 0 0 0 0 1 0 0
250 8 1 1 7 0 0 0 0 0
fn=_dl_next_tls_modid
50 2 1 1 0 0 0 0 0 0
53 6 0 0 4 0 0 0 0 0
101 4 0 0 0 0 0 2 0 0
105 4 1 1 2 0 0 0 0 0
fl=/build/eglibc-SvCtMH/eglibc-2.19/elf/dl-version.c
fn=_dl_check_all_versions
380 6 1 1 0 0 0 4 0 0
382 2 0 0 0 0 0 0 0 0
384 25 0 0 7 0 0 0 0 0
385 7 0 0 0 0 0 0 0 0
386 70 1 1 7 0 0 7 0 0
389 7 0 0 5 0 0 0 0 0
fn=_dl_check_map_versions
56 152 1 1 20 0 0 0 0 0
57 41 0 0 41 0 0 0 0 0
58 265 0 0 0 0 0 51 0 0
174 77 1 1 0 0 0 56 0 0
175 2 0 0 0 0 0 0 0 0
183 2 0 0 0 0 0 0 0 0
189 21 1 1 7 0 0 0 0 0
191 14 0 0 7 1 0 7 0 0
193 14 0 0 7 0 0 7 0 0
194 14 0 0 7 0 0 7 0 0
196 14 0 0 0 0 0 0 0 0
199 20 1 1 15 0 0 5 0 0
203 30 0 0 10 5 5 0 0 0
220 30 0 0 30 0 0 0 0 0
228 30 0 0 10 0 0 0 0 0
233 70 1 1 20 4 4 0 0 0
237 405 1 1 237 7 6 50 0 0
244 100 0 0 25 0 0 0 0 0
247 85 0 0 25 0 0 0 0 0
252 15 0 0 0 0 0 0 0 0
256 40 1 1 20 0 0 0 0 0
261 5 0 0 5 0 0 0 0 0
262 5 0 0 0 0 0 0 0 0
270 21 1 1 7 0 0 0 0 0
273 15 0 0 10 0 0 0 0 0
276 300 0 0 75 3 3 0 0 0
279 225 0 0 75 2 2 0 0 0
283 70 0 0 0 0 0 0 0 0
287 14 1 1 0 0 0 0 0 0
292 6 0 0 0 0 0 6 1 0
293 24 1 1 0 0 0 6 0 0
294 12 0 0 0 0 0 0 0 0
302 6 0 0 0 0 0 6 0 0
305 18 0 0 12 0 0 6 1 0
307 18 0 0 6 0 0 0 0 0
310 20 1 1 15 0 0 0 0 0
314 30 0 0 10 0 0 0 0 0
317 75 0 0 25 0 0 0 0 0
319 75 0 0 0 0 0 0 0 0
321 125 0 0 25 0 0 25 0 0
322 75 0 0 0 0 0 25 11 11
323 75 1 1 25 0 0 25 2 2
324 75 0 0 25 0 0 25 1 1
327 75 0 0 25 0 0 0 0 0
332 15 0 0 0 0 0 0 0 0
335 30 0 0 10 0 0 0 0 0
340 5 0 0 0 0 0 0 0 0
341 5 0 0 0 0 0 0 0 0
345 18 0 0 6 0 0 0 0 0
348 20 1 1 15 0 0 0 0 0
352 75 0 0 75 0 0 0 0 0
354 150 0 0 75 0 0 0 0 0
358 70 0 0 70 0 0 0 0 0
359 350 0 0 70 0 0 70 19 19
360 210 0 0 70 0 0 70 0 0
361 70 0 0 0 0 0 70 7 7
364 225 0 0 75 0 0 0 0 0
368 70 0 0 0 0 0 0 0 0
373 13 0 0 0 0 0 0 0 0
374 56 1 1 49 0 0 0 0 0
fn=match_symbol
76 325 1 1 0 0 0 200 0 0
77 50 0 0 50 0 0 0 0 0
85 50 0 0 25 0 0 0 0 0
91 75 1 1 25 1 0 0 0 0
106 25 0 0 25 1 0 0 0 0
107 50 0 0 0 0 0 0 0 0
109 25 0 0 25 0 0 0 0 0
114 422 0 0 211 22 21 0 0 0
128 422 0 0 211 8 8 0 0 0
130 25 1 1 25 0 0 0 0 0
133 150 0 0 25 1 1 25 0 0
140 558 0 0 186 5 5 0 0 0
144 186 0 0 0 0 0 0 0 0
168 200 1 1 175 0 0 0 0 0
fl=/build/eglibc-SvCtMH/eglibc-2.19/elf/do-rel.h
fn=_dl_relocate_object
47 28 0 0 14 0 0 0 0 0
48 14 0 0 14 1 0 0 0 0
50 6 0 0 0 0 0 0 0 0
51 6 0 0 0 0 0 6 1 0
58 42 1 1 14 0 0 0 0 0
61 2394 0 0 0 0 0 0 0 0
63 2370 1 1 790 295 295 0 0 0
65 61 0 0 0 0 0 0 0 0
74 12 0 0 0 0 0 0 0 0
75 83 1 1 16 0 0 0 0 0
76 38 0 0 19 0 0 0 0 0
83 16 0 0 8 0 0 8 0 0
84 8 1 1 8 0 0 0 0 0
86 16 0 0 0 0 0 0 0 0
98 24 0 0 0 0 0 0 0 0
108 15 1 1 1 1 1 0 0 0
111 5048 1 1 0 0 0 0 0 0
112 3354 0 0 1677 0 0 0 0 0
118 24 1 1 8 7 0 0 0 0
121 14 0 0 7 5 0 7 1 0
124 6725 1 1 2235 0 0 0 0 0
127 8916 1 1 2229 558 555 0 0 0
136 6687 0 0 4458 660 162 0 0 0
137 11356 1 1 2229 0 0 2229 0 0
138 3449 0 0 2229 2 0 0 0 0
139 4458 0 0 2229 1 0 0 0 0
143 12 0 0 0 0 0 0 0 0
160 23 2 2 5 0 0 4 0 0
162 20 0 0 5 2 2 0 0 0
170 25 0 0 5 0 0 5 0 0
171 10 1 1 10 0 0 0 0 0
174 5 1 1 2 0 0 0 0 0
fn=_dl_start
83 1 0 0 1 0 0 0 0 0
84 1 0 0 1 0 0 0 0 0
111 33 0 0 0 0 0 0 0 0
112 20 0 0 10 3 3 0 0 0
116 2 1 1 1 0 0 0 0 0
124 34 0 0 0 0 0 0 0 0
137 50 1 1 10 2 2 0 0 0
139 20 0 0 10 0 0 0 0 0
fl=/build/eglibc-SvCtMH/eglibc-2.19/elf/get-dynamic-info.h
fn=_dl_map_object_from_fd
38 10 0 0 0 0 0 0 0 0
42 5 0 0 0 0 0 0 0 0
44 399 1 1 133 38 38 0 0 0
46 256 1 1 0 0 0 0 0 0
51 129 0 0 0 0 0 0 0 0
52 211 0 0 0 0 0 123 30 30
53 20 0 0 0 0 0 0 0 0
55 5 0 0 0 0 0 0 0 0
56 25 1 1 0 0 0 0 0 0
58 5 0 0 0 0 0 0 0 0
59 25 0 0 0 0 0 0 0 0
60 5 0 0 0 0 0 0 0 0
61 20 0 0 0 0 0 5 1 1
62 128 0 0 0 0 0 0 0 0
69 10 1 1 0 0 0 0 0 0
89 17 0 0 7 0 0 0 0 0
90 20 0 0 10 0 0 0 0 0
91 20 0 0 10 0 0 0 0 0
92 20 1 1 10 0 0 0 0 0
94 20 0 0 10 0 0 0 0 0
99 20 0 0 10 0 0 0 0 0
100 19 0 0 9 1 1 0 0 0
101 20 1 1 10 0 0 0 0 0
107 15 0 0 5 0 0 0 0 0
112 10 0 0 5 0 0 0 0 0
119 10 0 0 5 0 0 0 0 0
120 15 0 0 10 0 0 0 0 0
136 15 1 1 5 0 0 0 0 0
141 4 0 0 2 0 0 2 1 1
143 4 0 0 0 0 0 0 0 0
145 4 0 0 0 0 0 0 0 0
147 4 0 0 0 0 0 0 0 0
150 15 1 1 5 0 0 0 0 0
152 2 0 0 1 0 0 1 0 0
160 2 0 0 1 0 0 0 0 0
161 2 0 0 0 0 0 0 0 0
165 2 0 0 0 0 0 0 0 0
168 10 1 1 5 0 0 0 0 0
fn=_dl_start
44 57 1 1 19 6 6 0 0 0
46 36 0 0 0 0 0 0 0 0
47 26 0 0 0 0 0 13 3 3
51 21 0 0 0 0 0 0 0 0
52 18 2 2 0 0 0 4 2 2
53 4 1 1 0 0 0 0 0 0
55 1 0 0 0 0 0 0 0 0
56 5 1 1 0 0 0 0 0 0
58 2 0 0 0 0 0 0 0 0
59 5 1 1 0 0 0 0 0 0
60 1 0 0 0 0 0 0 0 0
61 5 0 0 0 0 0 1 1 1
62 18 0 0 0 0 0 0 0 0
69 2 0 0 0 0 0 0 0 0
89 4 0 0 2 0 0 0 0 0
90 4 0 0 2 0 0 0 0 0
91 4 1 1 2 0 0 0 0 0
92 4 0 0 2 0 0 0 0 0
94 4 0 0 2 0 0 0 0 0
99 4 0 0 2 0 0 0 0 0
100 4 1 1 2 0 0 0 0 0
101 4 0 0 2 0 0 0 0 0
107 3 0 0 1 0 0 0 0 0
112 2 0 0 1 0 0 0 0 0
119 3 0 0 1 0 0 0 0 0
120 3 1 1 2 0 0 0 0 0
128 3 0 0 1 0 0 0 0 0
130 3 0 0 1 1 1 0 0 0
133 2 1 1 1 0 0 0 0 0
134 2 0 0 1 0 0 0 0 0
fn=dl_main
29 1 0 0 1 0 0 0 0 0
38 2 0 0 0 0 0 0 0 0
42 1 0 0 0 0 0 0 0 0
44 78 0 0 26 7 7 0 0 0
46 50 0 0 0 0 0 0 0 0
51 17 1 1 0 0 0 0 0 0
52 35 0 0 0 0 0 24 5 5
53 4 0 0 0 0 0 0 0 0
55 1 0 0 0 0 0 0 0 0
56 5 1 1 0 0 0 0 0 0
58 1 0 0 0 0 0 0 0 0
59 5 0 0 0 0 0 0 0 0
60 1 0 0 0 0 0 0 0 0
61 4 1 1 0 0 0 1 0 0
62 25 0 0 0 0 0 0 0 0
69 3 0 0 1 0 0 0 0 0
107 3 1 1 1 0 0 0 0 0
112 2 0 0 1 0 0 0 0 0
119 2 1 1 1 0 0 0 0 0
120 3 0 0 2 0 0 0 0 0
136 3 0 0 1 0 0 0 0 0
150 3 1 1 1 0 0 0 0 0
168 2 1 1 1 0 0 0 0 0
fl=/build/eglibc-SvCtMH/eglibc-2.19/elf/rtld.c
fn=_dl_initial_error_catch_tsd
813 24 1 1 12 0 0 0 0 0
fn=_dl_start
300 75 4 4 8 1 1 8 1 1
312 2 0 0 0 0 0 1 1 1
313 2 0 0 0 0 0 1 0 0
314 2 0 0 0 0 0 1 0 0
315 2 1 1 0 0 0 1 1 1
316 2 0 0 0 0 0 1 0 0
337 5 0 0 0 0 0 1 0 0
341 1 0 0 0 0 0 1 0 0
347 4 1 0 0 0 0 1 0 0
356 4 1 0 0 0 0 0 0 0
359 2 0 0 1 1 0 1 1 0
363 2 0 0 1 0 0 0 0 0
377 9 2 2 0 0 0 6 1 1
395 5 0 0 0 0 0 1 1 1
421 1 0 0 0 0 0 1 1 1
424 1 0 0 0 0 0 1 1 1
552 2 0 0 0 0 0 0 0 0
557 34 3 3 9 0 0 0 0 0
559 1 0 0 1 1 1 0 0 0
584 9 0 0 7 1 0 0 0 0
fn=dl_main
939 12 2 2 0 0 0 8 2 2
945 1 0 0 0 0 0 0 0 0
947 2 0 0 0 0 0 0 0 0
948 1 0 0 0 0 0 0 0 0
954 1 0 0 0 0 0 1 0 0
958 2 0 0 0 0 0 1 0 0
961 2 0 0 0 0 0 1 1 1
965 2 0 0 0 0 0 1 1 1
966 2 1 1 0 0 0 1 0 0
971 2 0 0 0 0 0 1 0 0
981 4 1 1 2 0 0 0 0 0
1180 8 1 1 0 0 0 1 0 0
1182 2 0 0 0 0 0 0 0 0
1183 1 0 0 0 0 0 1 1 1
1184 2 0 0 1 0 0 1 0 0
1185 3 1 1 2 0 0 1 0 0
1189 3 0 0 0 0 0 1 0 0
1190 2 0 0 1 0 0 0 0 0
1211 1 0 0 0 0 0 1 0 0
1212 1 1 1 0 0 0 1 0 0
1214 1 0 0 0 0 0 1 0 0
1216 1 0 0 1 0 0 0 0 0
1219 36 2 2 3 0 0 0 0 0
1220 71 2 2 9 5 5 0 0 0
1224 3 1 1 1 0 0 1 0 0
1225 1 0 0 0 0 0 0 0 0
1229 3 1 1 2 0 0 1 0 0
1230 1 0 0 0 0 0 0 0 0
1238 1 0 0 0 0 0 1 1 1
1239 2 0 0 2 1 1 0 0 0
1241 2 1 1 0 0 0 1 0 0
1248 3 1 1 1 0 0 0 0 0
1266 1 0 0 0 0 0 0 0 0
1274 4 0 0 2 0 0 0 0 0
1275 10 1 1 3 1 1 0 0 0
1276 4 0 0 2 0 0 0 0 0
1277 1 0 0 0 0 0 1 0 0
1280 4 0 0 2 1 1 0 0 0
1281 4 0 0 2 0 0 0 0 0
1282 2 0 0 0 0 0 2 0 0
1283 6 0 0 3 0 0 0 0 0
1284 2 0 0 0 0 0 1 0 0
1311 2 0 0 1 0 0 1 1 1
1312 1 0 0 0 0 0 0 0 0
1315 2 0 0 1 0 0 1 0 0
1316 2 0 0 1 0 0 1 0 0
1317 1 0 0 0 0 0 0 0 0
1322 3 0 0 1 1 1 0 0 0
1325 2 0 0 0 0 0 0 0 0
1327 2 0 0 0 0 0 0 0 0
1329 2 1 1 1 0 0 0 0 0
1342 3 0 0 1 0 0 0 0 0
1343 11 1 1 6 0 0 2 0 0
1348 1 0 0 0 0 0 1 0 0
1350 1 0 0 0 0 0 1 1 1
1351 1 0 0 0 0 0 1 0 0
1353 2 0 0 1 0 0 0 0 0
1354 2 0 0 0 0 0 1 0 0
1358 2 1 1 1 0 0 0 0 0
1360 2 0 0 0 0 0 0 0 0
1365 2 0 0 0 0 0 1 0 0
1368 4 0 0 0 0 0 1 0 0
1384 3 1 1 0 0 0 1 0 0
1390 9 2 2 1 0 0 2 0 0
1395 2 1 1 1 0 0 1 0 0
1398 4 1 1 1 0 0 2 0 0
1400 1 0 0 0 0 0 1 0 0
1405 2 0 0 1 0 0 0 0 0
1408 3 0 0 2 0 0 1 0 0
1409 4 0 0 1 0 0 1 0 0
1410 2 0 0 0 0 0 1 0 0
1411 1 0 0 0 0 0 1 0 0
1412 1 1 1 1 0 0 0 0 0
1413 1 0 0 1 0 0 0 0 0
1418 2 0 0 1 0 0 0 0 0
1419 5 1 1 1 0 0 1 0 0
1423 1 0 0 1 0 0 0 0 0
1425 4 0 0 1 0 0 0 0 0
1426 2 0 0 0 0 0 1 0 0
1427 4 0 0 1 1 1 1 0 0
1432 2 0 0 0 0 0 0 0 0
1433 6 1 1 1 1 1 0 0 0
1435 2 0 0 1 0 0 1 1 1
1436 2 0 0 1 0 0 1 0 0
1441 2 0 0 1 1 1 0 0 0
1446 3 1 1 1 0 0 0 0 0
1627 3 0 0 1 0 0 0 0 0
1630 2 0 0 1 0 0 1 0 0
1634 3 0 0 1 0 0 0 0 0
1639 2 1 1 1 0 0 1 0 0
1640 1 0 0 0 0 0 1 0 0
1645 3 0 0 1 0 0 0 0 0
1660 3 0 0 2 0 0 0 0 0
1664 3 1 1 1 0 0 0 0 0
1666 5 1 1 0 0 0 0 0 0
1667 3 0 0 0 0 0 2 0 0
1668 4 0 0 0 0 0 0 0 0
1670 3 1 1 1 0 0 0 0 0
1680 5 0 0 0 0 0 1 0 0
1757 4 1 1 2 0 0 0 0 0
1761 8 2 2 1 0 0 0 0 0
1762 1 0 0 0 0 0 0 0 0
1765 2 0 0 0 0 0 1 0 0
1766 1 0 0 1 0 0 0 0 0
1767 2 0 0 0 0 0 0 0 0
1768 2 2 2 1 0 0 0 0 0
1774 5 0 0 0 0 0 0 0 0
1775 8 0 0 1 0 0 1 0 0
1776 4 1 1 0 0 0 0 0 0
1778 2 0 0 1 0 0 0 0 0
1781 19 0 0 2 0 0 0 0 0
1782 28 0 0 14 0 0 0 0 0
1785 3 0 0 2 0 0 1 0 0
1786 3 1 1 1 0 0 0 0 0
1787 1 0 0 0 0 0 1 0 0
1789 24 1 1 0 0 0 0 0 0
1790 15 0 0 7 0 0 0 0 0
1800 2 1 1 0 0 0 1 0 0
1802 2 0 0 1 0 0 1 0 0
1803 2 0 0 1 0 0 0 0 0
1805 3 0 0 0 0 0 1 0 0
1807 3 1 1 0 0 0 0 0 0
1809 3 0 0 1 1 0 0 0 0
1810 1 0 0 1 0 0 0 0 0
1812 3 0 0 0 0 0 0 0 0
1823 2 0 0 0 0 0 0 0 0
1824 2 0 0 0 0 0 1 0 0
1825 3 1 1 1 0 0 0 0 0
1836 4 0 0 0 0 0 1 0 0
1837 1 0 0 0 0 0 1 1 0
1838 5 1 1 0 0 0 1 0 0
1848 2 0 0 1 0 0 1 0 0
1849 2 0 0 1 0 0 0 0 0
1850 2 0 0 0 0 0 2 0 0
1852 2 0 0 1 0 0 0 0 0
1855 1 1 1 0 0 0 1 0 0
1857 2 0 0 1 0 0 0 0 0
2087 3 0 0 1 0 0 0 0 0
2095 1 1 1 1 0 0 0 0 0
2143 2 1 1 0 0 0 1 0 0
2147 4 1 1 2 0 0 2 0 0
2151 2 0 0 1 0 0 1 0 0
2154 2 0 0 0 0 0 0 0 0
2162 2 0 0 0 0 0 0 0 0
2208 3 1 1 1 0 0 0 0 0
2215 1 0 0 1 0 0 0 0 0
2217 11 1 1 1 0 0 1 0 0
2219 19 1 1 1 1 0 0 0 0
2221 21 0 0 14 2 0 0 0 0
2226 14 0 0 14 2 0 0 0 0
2228 16 0 0 0 0 0 0 0 0
2230 1 1 1 0 0 0 1 0 0
2231 1 0 0 1 0 0 0 0 0
2234 7 0 0 7 0 0 0 0 0
2236 21 0 0 0 0 0 0 0 0
2237 48 0 0 12 6 0 6 0 0
2241 25 0 0 9 2 0 0 0 0
2242 6 0 0 0 0 0 2 0 0
2244 4 0 0 0 0 0 0 0 0
2246 2 0 0 0 0 0 1 0 0
2252 2 0 0 1 0 0 0 0 0
2257 4 1 1 2 0 0 0 0 0
2258 1 0 0 1 0 0 0 0 0
2263 2 0 0 1 0 0 1 0 0
2267 2 0 0 1 0 0 0 0 0
2281 3 1 1 2 1 0 0 0 0
2283 4 2 2 1 0 0 0 0 0
2298 5 0 0 0 0 0 0 0 0
2300 1 0 0 1 0 0 0 0 0
2301 5 0 0 1 0 0 1 0 0
2302 4 0 0 0 0 0 0 0 0
2304 3 1 1 1 0 0 0 0 0
2312 1 0 0 0 0 0 1 0 0
2316 3 0 0 1 0 0 0 0 0
2336 3 0 0 0 0 0 1 0 0
2337 1 0 0 0 0 0 1 0 0
2338 1 0 0 0 0 0 1 0 0
2343 1 0 0 0 0 0 1 0 0
2348 8 0 0 7 2 0 0 0 0
2518 2 0 0 1 0 0 1 1 1
2520 1 0 0 0 0 0 0 0 0
2521 1 0 0 0 0 0 0 0 0
2525 13 1 1 1 0 0 4 0 0
2527 15 0 0 3 0 0 3 1 1
2531 105 1 1 21 0 0 0 0 0
2532 19 0 0 0 0 0 0 0 0
2534 4 0 0 0 0 0 0 0 0
2540 16 0 0 2 1 1 0 0 0
2563 6 1 1 0 0 0 1 0 0
2570 6 1 1 0 0 0 1 0 0
2572 3 0 0 0 0 0 1 0 0
2617 3 1 1 1 0 0 0 0 0
2618 6 1 1 0 0 0 1 0 0
2620 3 2 2 0 0 0 1 0 0
2692 3 1 1 1 0 0 0 0 0
2725 3 1 1 1 0 0 0 0 0
fn=handle_ld_preload
109 3 0 0 1 0 0 0 0 0
821 1 0 0 0 0 0 1 0 0
825 1 0 0 0 0 0 1 0 0
826 2 0 0 1 0 0 1 0 0
827 1 0 0 0 0 0 1 0 0
829 1 0 0 1 0 0 0 0 0
831 13 2 2 3 0 0 4 1 1
832 3 0 0 1 0 0 0 0 0
840 3 0 0 1 0 0 0 0 0
906 9 1 1 0 0 0 7 1 1
907 1 0 0 0 0 0 0 0 0
911 6 0 0 2 0 0 0 0 0
915 3 0 0 0 0 0 0 0 0
917 6 2 2 0 0 0 1 0 0
918 3 0 0 0 0 0 1 0 0
925 4 1 1 0 0 0 0 0 0
928 2 0 0 1 0 0 0 0 0
929 1 0 0 0 0 0 0 0 0
932 9 0 0 7 0 0 0 0 0
fn=init_tls
732 1 0 0 0 0 0 1 0 0
734 2 0 0 1 0 0 1 0 0
738 2 0 0 1 0 0 0 0 0
739 1 1 1 0 0 0 0 0 0
744 2 0 0 0 0 0 1 0 0
747 1 0 0 0 0 0 1 0 0
748 4 1 1 0 0 0 1 0 0
753 1 0 0 0 0 0 0 0 0
755 1 0 0 0 0 0 1 0 0
759 2 0 0 1 1 1 0 0 0
760 1 0 0 0 0 0 0 0 0
761 17 1 1 1 0 0 0 0 0
762 14 0 0 7 0 0 0 0 0
763 14 0 0 7 3 0 0 0 0
767 6 0 0 0 0 0 2 1 1
769 2 0 0 0 0 0 0 0 0
771 3 1 1 0 0 0 0 0 0
774 1 0 0 0 0 0 1 0 0
781 2 0 0 0 0 0 1 0 0
782 2 0 0 0 0 0 0 0 0
788 2 1 1 1 0 0 1 0 0
796 7 0 0 0 0 0 2 0 0
800 1 1 1 0 0 0 1 0 0
802 1 0 0 0 0 0 0 0 0
803 2 0 0 2 0 0 0 0 0
fn=map_doit
640 2 1 1 0 0 0 1 0 0
642 8 0 0 3 0 0 2 0 0
644 2 0 0 2 0 0 0 0 0
fn=rtld_lock_default_lock_recursive
853 114 2 1 114 4 2 0 0 0
fn=rtld_lock_default_unlock_recursive
859 114 0 0 114 1 0 0 0 0
fn=security_init
866 2 0 0 0 0 0 1 0 0
868 1 0 0 1 0 0 0 0 0
870 1 0 0 0 0 0 1 0 0
877 1 0 0 1 0 0 0 0 0
879 1 0 0 0 0 0 1 0 0
881 1 0 0 0 0 0 1 0 0
886 1 0 0 0 0 0 1 0 0
887 3 0 0 2 0 0 0 0 0
fn=version_check_doit
672 2 1 1 0 0 0 1 0 0
674 6 0 0 2 0 0 1 0 0
678 2 0 0 2 0 0 0 0 0
fl=/build/eglibc-SvCtMH/eglibc-2.19/elf/setup-vdso.h
fn=dl_main
24 2 1 1 1 0 0 0 0 0
fl=/build/eglibc-SvCtMH/eglibc-2.19/iconv/gconv_simple.c
fn=__gconv_btwoc_ascii
52 512 1 1 0 0 0 0 0 0
55 128 0 0 128 0 0 0 0 0
fl=/build/eglibc-SvCtMH/eglibc-2.19/io/../sysdeps/unix/syscall-template.S
fn=???
83 5 1 1 2 0 0 1 1 0
fn=__open_nocancel
81 4 1 1 0 0 0 0 0 0
fn=access
81 24 1 1 0 0 0 0 0 0
83 30 0 0 6 0 0 6 1 1
fn=close
81 24 0 0 0 0 0 0 0 0
82 6 0 0 6 0 0 0 0 0
fn=open
81 54 2 2 1 0 0 0 0 0
82 6 0 0 6 0 0 0 0 0
83 35 0 0 7 0 0 7 0 0
fn=read
81 20 1 1 0 0 0 0 0 0
82 5 0 0 5 0 0 0 0 0
fl=/build/eglibc-SvCtMH/eglibc-2.19/io/../sysdeps/unix/sysv/linux/wordsize-64/fxstat.c
fn=_fxstat
33 7 0 0 0 0 0 0 0 0
34 14 2 2 0 0 0 0 0 0
35 42 0 0 0 0 0 0 0 0
39 7 0 0 7 0 0 0 0 0
fl=/build/eglibc-SvCtMH/eglibc-2.19/io/../sysdeps/unix/sysv/linux/wordsize-64/xstat.c
fn=_xstat
33 4 0 0 0 0 0 0 0 0
34 8 1 1 0 0 0 0 0 0
35 36 0 0 3 0 0 3 0 0
39 1 0 0 1 0 0 0 0 0
fl=/build/eglibc-SvCtMH/eglibc-2.19/libio/../sysdeps/unix/sysv/linux/sys/sysmacros.h
fn=_IO_file_doallocate
41 6 0 0 0 0 0 0 0 0
fl=/build/eglibc-SvCtMH/eglibc-2.19/libio/filedoalloc.c
fn=_IO_file_doallocate
96 5 1 1 0 0 0 3 1 0
111 8 1 1 3 1 0 1 1 0
113 4 0 0 1 0 0 0 0 0
116 2 0 0 0 0 0 0 0 0
118 2 2 2 1 1 0 0 0 0
121 1 0 0 1 0 0 0 0 0
124 6 1 1 1 0 0 0 0 0
128 8 0 0 0 0 0 1 0 0
129 5 0 0 0 0 0 1 0 0
130 1 0 0 0 0 0 0 0 0
131 5 0 0 4 0 0 0 0 0
fl=/build/eglibc-SvCtMH/eglibc-2.19/libio/fileops.c
fn=_IO_do_write@@GLIBC_2.2.5
509 6 1 1 0 0 0 4 0 0
511 3 1 1 0 0 0 0 0 0
512 6 0 0 5 0 0 0 0 0
fn=_IO_file_fopen@@GLIBC_2.2.5
224 2 1 1 0 0 0 0 0 0
225 2 0 0 0 0 0 0 0 0
228 2 0 0 0 0 0 1 0 0
232 2 0 0 0 0 0 0 0 0
254 9 2 2 0 0 0 6 0 0
255 3 0 0 0 0 0 0 0 0
265 2 0 0 1 0 0 0 0 0
267 5 0 0 1 1 1 0 0 0
270 1 0 0 0 0 0 0 0 0
271 1 1 1 0 0 0 0 0 0
275 2 2 2 1 0 0 0 0 0
292 12 0 0 1 0 0 0 0 0
333 1 0 0 0 0 0 0 0 0
354 1 0 0 0 0 0 0 0 0
431 8 0 0 7 0 0 0 0 0
fn=_IO_file_init@@GLIBC_2.2.5
143 4 1 1 0 0 0 2 0 0
147 2 0 0 0 0 0 1 0 0
148 1 0 0 1 0 0 0 0 0
150 1 0 0 0 0 0 1 0 0
151 1 0 0 0 0 0 1 0 0
152 4 0 0 3 0 0 0 0 0
fn=_IO_file_overflow@@GLIBC_2.2.5
824 80 1 1 0 0 0 60 1 0
825 60 0 0 20 0 0 0 0 0
832 136 0 0 38 0 0 0 0 0
835 2 1 1 1 0 0 0 0 0
837 2 1 1 0 0 0 1 0 0
838 6 0 0 2 0 0 3 0 0
847 2 0 0 0 0 0 0 0 0
856 4 0 0 2 0 0 0 0 0
858 1 0 0 0 0 0 1 0 0
859 2 0 0 0 0 0 1 0 0
860 1 0 0 0 0 0 1 0 0
861 2 1 1 0 0 0 2 0 0
863 3 0 0 0 0 0 1 0 0
864 5 0 0 1 0 0 0 0 0
865 2 0 0 0 0 0 1 0 0
867 40 1 1 0 0 0 0 0 0
868 2 1 1 0 0 0 0 0 0
869 1 0 0 0 0 0 0 0 0
870 38 0 0 19 0 0 0 0 0
873 57 0 0 0 0 0 38 1 0
874 57 0 0 19 0 0 0 0 0
875 76 0 0 0 0 0 0 0 0
879 19 0 0 0 0 0 0 0 0
880 79 0 0 79 0 0 0 0 0
fn=_IO_file_stat
1222 1 1 1 0 0 0 0 0 0
1223 3 0 0 1 0 0 0 0 0
fn=_IO_file_xsputn@@GLIBC_2.2.5
1281 8 1 1 0 0 0 6 1 0
1287 2 0 0 0 0 0 0 0 0
1288 1 0 0 0 0 0 0 0 0
1294 6 0 0 1 0 0 0 0 0
1311 6 1 1 2 0 0 0 0 0
1328 3 0 0 0 0 0 0 0 0
1332 6 0 0 2 1 0 1 0 0
1338 2 1 1 2 0 0 0 0 0
1339 6 0 0 0 0 0 0 0 0
1341 3 0 0 0 0 0 0 0 0
1352 2 0 0 0 0 0 0 0 0
1353 6 0 0 0 0 0 1 0 0
1355 2 1 1 0 0 0 0 0 0
1356 8 0 0 7 0 0 0 0 0
fl=/build/eglibc-SvCtMH/eglibc-2.19/libio/genops.c
fn=_IO_default_xsputn
447 6 1 1 0 0 0 5 0 0
450 6 1 1 0 0 0 0 0 0
451 1 0 0 0 0 0 0 0 0
455 80 1 1 40 0 0 0 0 0
480 192 0 0 57 0 0 19 0 0
482 19 0 0 0 0 0 0 0 0
484 2 1 1 0 0 0 0 0 0
485 6 0 0 6 0 0 0 0 0
fn=_IO_doallocbuf
414 4 1 1 0 0 0 3 0 0
415 2 0 0 1 0 0 0 0 0
417 3 0 0 1 0 0 0 0 0
418 5 0 0 2 1 0 1 0 0
421 4 0 0 4 0 0 0 0 0
fn=_IO_link_in
99 4 1 1 0 0 0 2 0 0
100 3 0 0 1 0 0 0 0 0
102 2 0 0 0 0 0 1 0 0
104 6 0 0 1 0 0 2 0 0
105 13 1 1 5 1 1 2 0 0
106 1 0 0 0 0 0 1 1 1
107 18 2 2 10 0 0 1 0 0
109 2 0 0 1 1 0 1 0 0
110 1 0 0 0 0 0 1 0 0
111 1 1 1 1 0 0 0 0 0
113 15 1 1 5 0 0 2 0 0
114 1 0 0 0 0 0 1 0 0
115 9 1 1 2 0 0 2 0 0
116 2 0 0 0 0 0 0 0 0
119 4 1 1 3 0 0 0 0 0
fn=_IO_no_init
643 9 2 2 0 0 0 4 0 0
644 1 0 0 0 0 0 1 0 0
645 1 0 0 0 0 0 1 0 0
647 2 0 0 0 0 0 0 0 0
649 1 0 0 0 0 0 1 0 0
650 1 0 0 0 0 0 1 1 1
651 1 0 0 0 0 0 1 0 0
652 1 0 0 0 0 0 1 0 0
653 1 1 1 0 0 0 1 0 0
654 1 0 0 0 0 0 1 0 0
655 1 0 0 0 0 0 1 0 0
656 1 0 0 0 0 0 1 0 0
657 1 0 0 0 0 0 1 0 0
658 1 0 0 0 0 0 1 1 1
659 1 0 0 0 0 0 1 0 0
660 1 0 0 0 0 0 1 0 0
662 1 0 0 0 0 0 1 0 0
669 1 1 1 0 0 0 1 0 0
670 6 0 0 5 0 0 0 0 0
fn=_IO_old_init
610 2 0 0 0 0 0 1 0 0
611 1 0 0 0 0 0 1 0 0
612 1 0 0 0 0 0 1 1 1
613 1 0 0 0 0 0 1 0 0
614 1 0 0 0 0 0 1 0 0
615 1 1 1 0 0 0 1 0 0
616 1 0 0 0 0 0 1 0 0
617 1 0 0 0 0 0 1 0 0
618 1 0 0 0 0 0 1 0 0
619 1 0 0 0 0 0 1 0 0
620 1 0 0 0 0 0 1 0 0
622 1 0 0 0 0 0 1 0 0
623 1 0 0 0 0 0 1 0 0
624 1 0 0 0 0 0 1 0 0
625 1 0 0 0 0 0 1 0 0
626 2 1 1 0 0 0 1 0 0
631 3 0 0 1 0 0 0 0 0
632 4 0 0 1 0 0 3 1 1
fn=_IO_setb
399 5 1 1 0 0 0 2 0 0
400 4 0 0 2 0 0 0 0 0
402 1 0 0 0 0 0 1 0 0
403 1 0 0 0 0 0 1 0 0
405 6 1 1 0 0 0 1 0 0
408 4 0 0 3 0 0 0 0 0
fn=_IO_un_link
60 4 1 1 0 0 0 2 0 0
61 2 0 0 1 0 0 0 0 0
65 6 1 1 1 0 0 2 0 0
66 11 1 1 5 0 0 1 0 0
67 1 0 0 0 0 0 1 0 0
68 20 2 2 10 0 0 1 0 0
70 3 0 0 1 0 0 0 0 0
72 2 0 0 0 0 0 0 0 0
74 3 1 1 1 0 0 1 0 0
75 1 0 0 1 0 0 0 0 0
85 2 1 1 0 0 0 1 0 0
87 11 1 1 4 0 0 1 0 0
88 1 0 0 0 0 0 1 0 0
89 7 1 1 3 0 0 1 0 0
90 2 0 0 0 0 0 0 0 0
93 4 0 0 3 0 0 0 0 0
fl=/build/eglibc-SvCtMH/eglibc-2.19/libio/iofopen.c
fn=__fopen_internal
65 8 1 1 0 0 0 4 0 0
73 3 1 1 0 0 0 1 0 0
75 2 0 0 0 0 0 0 0 0
78 2 0 0 0 0 0 1 1 1
81 6 0 0 0 0 0 1 0 0
85 2 0 0 0 0 0 1 0 0
86 2 1 1 0 0 0 1 0 0
90 7 0 0 0 0 0 1 0 0
91 1 0 0 0 0 0 0 0 0
93 1 0 0 0 0 0 1 0 0
94 2 0 0 0 0 0 1 0 0
96 7 0 0 5 1 0 0 0 0
fn=fopen@@GLIBC_2.2.5
103 2 1 1 0 0 0 0 0 0
fl=/build/eglibc-SvCtMH/eglibc-2.19/locale/newlocale.c
fn=newlocale
44 12 2 2 0 0 0 8 0 0
56 2 0 0 0 0 0 0 0 0
57 2 1 1 0 0 0 1 0 0
64 2 0 0 0 0 0 0 0 0
67 4 1 1 1 0 0 0 0 0
73 2 0 0 1 0 0 0 0 0
74 7 2 2 3 0 0 0 0 0
76 1 1 1 0 0 0 0 0 0
279 8 0 0 7 0 0 0 0 0
fl=/build/eglibc-SvCtMH/eglibc-2.19/locale/uselocale.c
fn=uselocale
31 4 1 1 4 2 0 0 0 0
33 6 0 0 0 0 0 0 0 0
36 4 0 0 0 0 0 0 0 0
37 2 0 0 0 0 0 2 0 0
65 6 0 0 4 2 0 2 1 0
66 6 1 1 4 0 0 2 0 0
68 6 0 0 4 1 0 2 0 0
72 6 0 0 0 0 0 0 0 0
73 2 0 0 2 0 0 0 0 0
fl=/build/eglibc-SvCtMH/eglibc-2.19/malloc/arena.c
fn=malloc_hook_ini
373 3 0 0 1 1 1 0 0 0
fn=ptmalloc_init.part.7
334 195 1 1 65 9 0 0 0 0
336 128 0 0 64 32 0 0 0 0
337 8 0 0 4 0 0 0 0 0
338 2 0 0 1 0 0 0 0 0
352 64 0 0 0 0 0 0 0 0
371 6 1 1 0 0 0 5 0 0
376 1 0 0 0 0 0 1 0 0
384 2 0 0 1 1 0 0 0 0
385 7 2 2 0 0 0 1 0 0
386 4 0 0 2 1 0 0 0 0
391 3 1 1 1 1 0 1 1 0
392 12 1 1 1 1 0 6 2 2
394 5 0 0 2 1 0 0 0 0
410 2 0 0 0 0 0 0 0 0
455 2 0 0 0 0 0 0 0 0
461 2 0 0 2 1 1 0 0 0
462 2 0 0 0 0 0 0 0 0
464 1 0 0 0 0 0 1 1 0
465 7 0 0 6 1 0 0 0 0
fl=/build/eglibc-SvCtMH/eglibc-2.19/malloc/hooks.c
fn=malloc_hook_ini
29 4 1 1 1 0 0 2 0 0
30 2 1 1 1 0 0 1 0 0
32 1 0 0 0 0 0 0 0 0
33 1 0 0 0 0 0 0 0 0
fl=/build/eglibc-SvCtMH/eglibc-2.19/malloc/malloc.c
fn=_int_free
1871 3 0 0 1 0 0 0 0 0
3816 9 2 2 0 0 0 7 0 0
3829 3 0 0 1 0 0 0 0 0
3835 4 0 0 0 0 0 0 0 0
3836 2 0 0 0 0 0 0 0 0
3847 4 0 0 0 0 0 0 0 0
3860 3 1 1 1 0 0 0 0 0
3935 2 1 1 0 0 0 0 0 0
3936 3 0 0 1 0 0 0 0 0
3945 7 1 1 3 0 0 0 0 0
3947 2 0 0 0 0 0 1 0 0
3950 1 0 0 0 0 0 0 0 0
3954 3 1 1 1 0 0 0 0 0
3960 4 0 0 1 0 0 0 0 0
3962 3 1 1 1 0 0 0 0 0
3968 3 0 0 1 0 0 0 0 0
3974 2 0 0 0 0 0 0 0 0
3975 2 0 0 0 0 0 0 0 0
3976 2 1 1 1 0 0 0 0 0
3985 2 0 0 1 0 0 0 0 0
3992 2 1 1 1 0 0 0 0 0
4038 1 1 1 0 0 0 0 0 0
4039 3 0 0 0 0 0 1 0 0
4040 2 0 0 0 0 0 1 0 0
4057 2 1 1 0 0 0 0 0 0
4058 2 0 0 1 0 0 0 0 0
4061 3 1 1 0 0 0 0 0 0
4063 5 1 1 3 0 0 0 0 0
4065 5 0 0 1 0 0 1 0 0
4077 3 1 1 1 0 0 0 0 0
4078 3 0 0 1 0 0 0 0 0
4079 4 1 1 2 0 0 0 0 0
4089 8 0 0 7 0 0 0 0 0
fn=_int_malloc
1864 3 0 0 1 1 1 0 0 0
2273 5 1 1 2 2 0 2 0 0
2274 2 1 1 0 0 0 0 0 0
2284 2 0 0 1 1 1 0 0 0
2362 1 0 0 0 0 0 0 0 0
2371 4 3 3 0 0 0 0 0 0
2380 3 1 1 0 0 0 0 0 0
2435 2 1 1 1 0 0 0 0 0
2444 5 0 0 1 0 0 0 0 0
2454 9 0 0 1 0 0 2 0 0
2462 2 1 1 0 0 0 0 0 0
2464 6 0 0 3 1 0 2 0 0
2468 5 0 0 2 0 0 0 0 0
2471 2 1 1 2 0 0 0 0 0
2472 2 0 0 0 0 0 0 0 0
2491 1 0 0 0 0 0 0 0 0
2518 2 0 0 1 1 1 0 0 0
2519 1 0 0 0 0 0 1 0 0
2520 3 1 1 1 0 0 1 0 0
2526 2 0 0 0 0 0 0 0 0
2529 8 3 3 1 0 0 0 0 0
2571 6 1 1 0 0 0 0 0 0
2590 1 0 0 0 0 0 0 0 0
2593 2 0 0 0 0 0 0 0 0
2594 7 1 1 2 0 0 0 0 0
2596 2 0 0 0 0 0 0 0 0
2597 4 0 0 2 0 0 2 0 0
2609 3 1 1 1 0 0 0 0 0
2617 2 0 0 2 0 0 0 0 0
2618 3 0 0 1 0 0 0 0 0
2656 1 0 0 0 0 0 1 0 0
2657 5 0 0 0 0 0 1 1 1
2658 2 1 1 0 0 0 1 0 0
2669 2 0 0 0 0 0 0 0 0
2702 2 1 1 1 0 0 0 0 0
2703 1 0 0 0 0 0 1 0 0
2708 2 0 0 1 0 0 0 0 0
2711 2 0 0 1 0 0 0 0 0
2713 1 0 0 0 0 0 0 0 0
2714 1 0 0 0 0 0 0 0 0
2715 1 0 0 0 0 0 1 0 0
2716 8 1 1 0 0 0 1 0 0
2717 2 0 0 0 0 0 1 1 1
2719 1 0 0 0 0 0 0 0 0
3304 8 1 1 0 0 0 7 1 0
3334 10 0 0 0 0 0 0 0 0
3342 2 1 1 1 1 1 0 0 0
3379 2 2 2 0 0 0 0 0 0
3381 2 0 0 0 0 0 0 0 0
3382 2 0 0 0 0 0 0 0 0
3384 3 0 0 1 1 1 0 0 0
3386 2 0 0 0 0 0 0 0 0
3425 4 1 1 1 0 0 2 0 0
3444 5 1 1 1 0 0 0 0 0
3578 2 1 1 0 0 0 0 0 0
3651 1 0 0 0 0 0 0 0 0
3652 2 0 0 0 0 0 0 0 0
3653 2 0 0 0 0 0 0 0 0
3654 2 0 0 1 0 0 0 0 0
3655 2 0 0 0 0 0 0 0 0
3660 6 1 1 0 0 0 0 0 0
3664 9 1 1 0 0 0 0 0 0
3667 8 0 0 2 1 0 0 0 0
3767 1 0 0 1 0 0 0 0 0
3768 3 0 0 1 0 0 0 0 0
3770 3 1 1 0 0 0 0 0 0
3787 2 0 0 1 0 0 0 0 0
3792 4 0 0 0 0 0 1 0 0
3794 25 1 1 0 0 0 10 0 0
3803 2 0 0 0 0 0 0 0 0
3808 9 1 1 7 0 0 0 0 0
4992 4 0 0 0 0 0 2 0 0
4994 3 2 2 1 0 0 1 0 0
5002 1 1 1 0 0 0 1 0 0
fn=free
2919 2 1 1 2 0 0 0 0 0
2920 2 0 0 0 0 0 0 0 0
2926 2 0 0 0 0 0 0 0 0
2929 1 1 1 0 0 0 0 0 0
2931 3 0 0 1 0 0 0 0 0
2947 3 0 0 0 0 0 0 0 0
2948 2 0 0 0 0 0 0 0 0
fn=malloc
2878 8 1 1 0 0 0 4 0 0
2883 4 0 0 4 4 0 0 0 0
2884 4 0 0 0 0 0 0 0 0
2885 2 1 1 1 0 0 0 0 0
2887 2 0 0 2 0 0 0 0 0
2889 8 1 1 2 1 0 0 0 0
2893 4 0 0 0 0 0 1 0 0
2894 2 0 0 0 0 0 0 0 0
2905 4 1 1 2 0 0 0 0 0
2906 8 0 0 1 0 0 0 0 0
2909 8 0 0 6 0 0 0 0 0
fn=malloc_consolidate
1787 381 0 0 0 0 0 0 0 0
1790 381 0 0 0 0 0 254 31 31
1794 3 1 1 0 0 0 0 0 0
1798 3 1 1 1 0 0 1 0 0
1799 2 0 0 0 0 0 1 0 0
1801 1 0 0 0 0 0 1 1 1
4106 8 1 1 0 0 0 6 1 0
4128 5 0 0 1 0 0 0 0 0
4201 8 0 0 7 0 0 0 0 0
5001 1 1 1 0 0 0 0 0 0
fn=systrim.isra.1
2738 9 1 1 0 0 0 6 0 0
2748 2 0 0 2 0 0 0 0 0
2749 3 1 1 2 0 0 0 0 0
2751 1 0 0 0 0 0 0 0 0
2752 2 0 0 0 0 0 0 0 0
2753 1 0 0 0 0 0 0 0 0
2756 6 0 0 0 0 0 1 0 0
2762 5 0 0 2 0 0 1 0 0
2763 4 1 1 1 0 0 0 0 0
2775 3 0 0 2 0 0 1 0 0
2777 2 0 0 2 0 0 0 0 0
2778 3 0 0 1 0 0 0 0 0
2780 4 1 1 2 0 0 2 0 0
2784 2 0 0 0 0 0 0 0 0
2788 3 0 0 1 0 0 0 0 0
2799 8 0 0 7 0 0 0 0 0
fl=/build/eglibc-SvCtMH/eglibc-2.19/malloc/morecore.c
fn=__default_morecore
46 5 1 1 0 0 0 0 0 0
47 5 0 0 0 0 0 5 0 0
49 15 0 0 0 0 0 0 0 0
52 15 0 0 5 0 0 0 0 0
fl=/build/eglibc-SvCtMH/eglibc-2.19/math/../sysdeps/x86_64/fpu/multiarch/e_asin.c
fn=__acos_finite
10 7 1 1 2 0 0 1 0 0
fn=__asin_finite
14 7 1 1 2 0 0 1 0 0
fl=/build/eglibc-SvCtMH/eglibc-2.19/math/../sysdeps/x86_64/fpu/multiarch/e_atan2.c
fn=__atan2_finite
15 1 1 1 0 0 0 0 0 0
fl=/build/eglibc-SvCtMH/eglibc-2.19/math/../sysdeps/x86_64/fpu/multiarch/e_exp.c
fn=__exp_finite
15 10 2 2 2 0 0 1 0 0
fl=/build/eglibc-SvCtMH/eglibc-2.19/math/../sysdeps/x86_64/fpu/multiarch/e_log.c
fn=__log_finite
15 1 1 1 0 0 0 0 0 0
fl=/build/eglibc-SvCtMH/eglibc-2.19/math/../sysdeps/x86_64/fpu/multiarch/e_pow.c
fn=__pow_finite
8 7 1 1 2 0 0 1 0 0
fl=/build/eglibc-SvCtMH/eglibc-2.19/math/../sysdeps/x86_64/fpu/multiarch/s_ceil.S
fn=ceil
25 1 1 1 0 0 0 1 0 0
26 1 0 0 0 0 0 0 0 0
27 1 0 0 0 0 0 0 0 0
28 1 0 0 1 0 0 0 0 0
29 1 0 0 0 0 0 0 0 0
31 1 0 0 1 0 0 0 0 0
fl=/build/eglibc-SvCtMH/eglibc-2.19/math/../sysdeps/x86_64/fpu/multiarch/s_ceilf.S
fn=ceilf
25 1 1 1 0 0 0 1 0 0
26 1 0 0 0 0 0 0 0 0
27 1 0 0 0 0 0 0 0 0
28 1 0 0 1 0 0 0 0 0
29 1 0 0 0 0 0 0 0 0
31 1 0 0 1 0 0 0 0 0
fl=/build/eglibc-SvCtMH/eglibc-2.19/math/../sysdeps/x86_64/fpu/multiarch/s_floor.S
fn=floor
25 1 1 1 0 0 0 1 0 0
26 1 0 0 0 0 0 0 0 0
27 1 0 0 0 0 0 0 0 0
28 1 0 0 1 0 0 0 0 0
29 1 0 0 0 0 0 0 0 0
31 1 0 0 1 0 0 0 0 0
fl=/build/eglibc-SvCtMH/eglibc-2.19/math/../sysdeps/x86_64/fpu/multiarch/s_floorf.S
fn=floorf
25 1 1 1 0 0 0 1 0 0
26 1 0 0 0 0 0 0 0 0
27 1 0 0 0 0 0 0 0 0
28 1 1 1 1 0 0 0 0 0
29 1 0 0 0 0 0 0 0 0
31 1 0 0 1 0 0 0 0 0
fl=/build/eglibc-SvCtMH/eglibc-2.19/math/../sysdeps/x86_64/fpu/multiarch/s_rint.S
fn=rint
25 1 1 1 0 0 0 1 0 0
26 1 0 0 0 0 0 0 0 0
27 1 0 0 0 0 0 0 0 0
28 1 0 0 1 0 0 0 0 0
29 1 0 0 0 0 0 0 0 0
31 1 0 0 1 0 0 0 0 0
fl=/build/eglibc-SvCtMH/eglibc-2.19/math/../sysdeps/x86_64/fpu/multiarch/s_rintf.S
fn=rintf
25 1 1 1 0 0 0 1 0 0
26 1 0 0 0 0 0 0 0 0
27 1 0 0 0 0 0 0 0 0
28 1 0 0 1 0 0 0 0 0
29 1 0 0 0 0 0 0 0 0
31 1 0 0 1 0 0 0 0 0
fl=/build/eglibc-SvCtMH/eglibc-2.19/math/../sysdeps/x86_64/fpu/multiarch/s_sin.c
fn=cos
20 10 2 2 2 0 0 1 0 0
fn=sin
24 1 0 0 0 0 0 0 0 0
fl=/build/eglibc-SvCtMH/eglibc-2.19/misc/../sysdeps/unix/syscall-template.S
fn=mmap
81 95 3 3 0 0 0 0 0 0
82 19 0 0 19 0 0 0 0 0
fn=mprotect
81 44 1 1 0 0 0 0 0 0
82 11 0 0 11 0 0 0 0 0
fn=munmap
81 4 0 0 0 0 0 0 0 0
82 1 0 0 1 0 0 0 0 0
fl=/build/eglibc-SvCtMH/eglibc-2.19/misc/../sysdeps/unix/sysv/linux/x86_64/brk.c
fn=brk
28 2 0 0 0 0 0 0 0 0
31 16 1 1 2 0 0 2 0 0
33 4 0 0 0 0 0 0 0 0
39 2 0 0 0 0 0 0 0 0
40 2 0 0 2 0 0 0 0 0
fl=/build/eglibc-SvCtMH/eglibc-2.19/misc/init-misc.c
fn=__init_misc
30 4 1 1 0 0 0 2 0 0
31 5 0 0 1 0 0 0 0 0
33 3 0 0 0 0 0 1 0 0
37 5 0 0 1 1 0 1 1 0
38 3 1 1 2 0 0 1 0 0
40 4 0 0 3 0 0 0 0 0
fl=/build/eglibc-SvCtMH/eglibc-2.19/misc/sbrk.c
fn=sbrk
34 20 1 1 0 0 0 15 0 0
42 32 1 1 14 3 1 0 0 0
43 6 1 1 1 0 0 1 0 0
46 10 0 0 0 0 0 0 0 0
50 4 0 0 0 0 0 0 0 0
53 3 0 0 0 0 0 1 0 0
57 25 0 0 20 0 0 0 0 0
fl=/build/eglibc-SvCtMH/eglibc-2.19/nptl/../nptl/sysdeps/unix/sysv/linux/register-atfork.c
fn=__linkin_atfork
116 2 1 1 1 1 1 1 0 0
117 6 0 0 2 1 0 0 0 0
119 1 0 0 1 0 0 0 0 0
fl=/build/eglibc-SvCtMH/eglibc-2.19/posix/../sysdeps/unix/syscall-template.S
fn=uname
81 4 1 1 0 0 0 0 0 0
82 1 0 0 1 0 0 0 0 0
fl=/build/eglibc-SvCtMH/eglibc-2.19/setjmp/../sysdeps/x86_64/bsd-_setjmp.S
fn=_setjmp
30 1 1 1 0 0 0 0 0 0
32 1 0 0 0 0 0 0 0 0
fl=/build/eglibc-SvCtMH/eglibc-2.19/setjmp/../sysdeps/x86_64/setjmp.S
fn=__sigsetjmp
26 12 2 2 0 0 0 12 0 0
35 12 0 0 0 0 0 0 0 0
36 24 1 1 12 0 0 0 0 0
37 12 0 0 0 0 0 12 0 0
41 12 0 0 0 0 0 12 1 0
42 12 0 0 0 0 0 12 0 0
43 12 0 0 0 0 0 12 0 0
44 12 0 0 0 0 0 12 1 1
45 12 0 0 0 0 0 0 0 0
47 24 0 0 12 0 0 0 0 0
49 12 0 0 0 0 0 12 0 0
50 12 0 0 12 0 0 0 0 0
53 24 1 1 12 0 0 0 0 0
55 12 1 1 0 0 0 12 0 0
59 11 0 0 0 0 0 0 0 0
60 11 0 0 11 0 0 0 0 0
64 1 0 0 0 0 0 0 0 0
fl=/build/eglibc-SvCtMH/eglibc-2.19/setjmp/sigjmp.c
fn=__sigjmp_save
28 2 0 0 0 0 0 1 0 0
29 4 0 0 0 0 0 1 0 0
34 3 0 0 2 0 0 0 0 0
fl=/build/eglibc-SvCtMH/eglibc-2.19/stdio-common/fscanf.c
fn=fscanf
26 7 1 1 0 0 0 4 0 0
30 6 2 2 0 0 0 4 0 0
31 2 0 0 0 0 0 1 0 0
fl=/build/eglibc-SvCtMH/eglibc-2.19/stdio-common/printf-parse.h
fn=vfprintf
108 4 0 0 0 0 0 2 1 0
fl=/build/eglibc-SvCtMH/eglibc-2.19/stdio-common/printf.c
fn=printf
28 9 1 1 0 0 0 5 0 0
32 6 2 2 0 0 0 4 0 0
33 4 0 0 2 2 0 1 0 0
37 2 0 0 1 0 0 0 0 0
fl=/build/eglibc-SvCtMH/eglibc-2.19/stdio-common/vfprintf.c
fn=vfprintf
235 11 1 1 0 0 0 6 0 0
270 3 0 0 2 0 0 1 1 0
1295 4 1 1 1 1 0 1 0 0
1299 5 0 0 1 1 1 0 0 0
1310 2 0 0 0 0 0 0 0 0
1321 6 1 1 3 0 0 3 1 0
1332 1 0 0 0 0 0 1 0 0
1336 10 2 2 2 0 0 4 0 0
1337 15 1 1 8 1 0 1 0 0
1340 13 2 2 3 1 0 3 0 0
1344 3 1 1 2 0 0 0 0 0
2098 10 1 1 5 0 0 1 0 0
2099 3 1 1 1 0 0 0 0 0
2101 1 0 0 1 0 0 0 0 0
2102 8 0 0 7 0 0 0 0 0
fl=/build/eglibc-SvCtMH/eglibc-2.19/stdio-common/vfscanf.c
fn=_IO_vfscanf
214 12 2 2 0 0 0 8 2 0
225 3 0 0 2 1 0 1 0 0
226 2 0 0 1 1 0 1 0 0
314 2 0 0 1 0 0 0 0 0
320 0 0 0 0 0 0 0 0 0
fn=vfscanf
2987 2 1 1 0 0 0 0 0 0
fl=/build/eglibc-SvCtMH/eglibc-2.19/stdlib/../stdlib/strtol.c
fn=strtol
108 16 1 1 8 1 0 0 0 0
fl=/build/eglibc-SvCtMH/eglibc-2.19/stdlib/../stdlib/strtol_l.c
fn=____strtol_l_internal
232 36 2 2 0 0 0 28 0 0
246 4 0 0 4 1 0 0 0 0
252 4 0 0 0 0 0 0 0 0
258 8 0 0 0 0 0 0 0 0
279 4 0 0 0 0 0 0 0 0
280 4 0 0 0 0 0 0 0 0
289 16 0 0 0 0 0 0 0 0
298 24 0 0 12 4 2 0 0 0
300 8 1 1 0 0 0 0 0 0
304 4 0 0 0 0 0 4 0 0
305 8 0 0 0 0 0 0 0 0
310 8 0 0 0 0 0 0 0 0
314 8 1 1 0 0 0 0 0 0
324 8 0 0 0 0 0 0 0 0
331 12 0 0 0 0 0 0 0 0
334 20 1 1 0 0 0 0 0 0
376 4 0 0 0 0 0 0 0 0
379 12 0 0 4 1 1 0 0 0
380 12 1 1 4 1 1 4 0 0
382 4 0 0 0 0 0 0 0 0
383 4 0 0 0 0 0 0 0 0
384 4 0 0 0 0 0 0 0 0
438 28 0 0 4 0 0 0 0 0
440 18 1 1 0 0 0 0 0 0
442 20 0 0 0 0 0 0 0 0
449 4 0 0 0 0 0 0 0 0
456 8 0 0 0 0 0 4 0 0
466 6 1 1 4 0 0 0 0 0
467 4 0 0 2 1 1 0 0 0
470 15 1 1 0 0 0 0 0 0
473 16 0 0 0 0 0 0 0 0
478 8 0 0 0 0 0 0 0 0
479 8 0 0 0 0 0 0 0 0
484 8 1 1 0 0 0 0 0 0
489 6 0 0 2 0 0 0 0 0
495 4 0 0 0 0 0 0 0 0
496 6 1 1 0 0 0 0 0 0
498 6 0 0 2 0 0 0 0 0
513 2 0 0 0 0 0 0 0 0
520 4 1 1 2 0 0 0 0 0
530 4 1 1 0 0 0 0 0 0
531 32 0 0 28 0 0 0 0 0
fl=/build/eglibc-SvCtMH/eglibc-2.19/stdlib/atoi.c
fn=atoi
26 4 1 1 0 0 0 0 0 0
27 12 0 0 0 0 0 4 0 0
28 8 0 0 4 0 0 0 0 0
fl=/build/eglibc-SvCtMH/eglibc-2.19/stdlib/cxa_atexit.c
fn=__cxa_atexit
35 12 0 0 0 0 0 6 0 0
37 12 0 0 0 0 0 0 0 0
41 18 1 1 6 0 0 0 0 0
43 6 0 0 0 0 0 6 0 0
44 6 0 0 0 0 0 6 3 0
45 6 0 0 0 0 0 6 0 0
47 6 0 0 0 0 0 6 0 0
48 6 0 0 0 0 0 0 0 0
57 36 1 1 0 0 0 18 0 0
59 24 0 0 24 0 0 0 0 0
fn=__new_exitfn
73 24 2 1 0 0 0 12 0 0
74 12 0 0 0 0 0 0 0 0
79 36 1 1 12 4 2 0 0 0
81 28 1 1 7 2 0 0 0 0
83 28 1 0 6 2 0 0 0 0
84 25 0 0 5 1 0 0 0 0
91 1 0 0 0 0 0 1 0 0
94 10 0 0 0 0 0 0 0 0
112 1 1 1 0 0 0 0 0 0
113 2 0 0 0 0 0 1 0 0
119 15 0 0 0 0 0 0 0 0
120 10 0 0 0 0 0 5 0 0
126 6 1 1 0 0 0 6 1 0
127 6 0 0 6 2 1 0 0 0
130 24 1 0 12 0 0 0 0 0
133 30 0 0 18 0 0 0 0 0
fl=/build/eglibc-SvCtMH/eglibc-2.19/string/../bits/stdlib-bsearch.h
fn=intel_check_word
27 8 1 1 0 0 0 0 0 0
28 16 0 0 0 0 0 0 0 0
29 110 0 0 0 0 0 0 0 0
31 154 0 0 0 0 0 0 0 0
32 54 0 0 0 0 0 0 0 0
37 8 0 0 0 0 0 0 0 0
fl=/build/eglibc-SvCtMH/eglibc-2.19/string/../string/memcmp.c
fn=bcmp
105 25 1 1 25 0 0 0 0 0
106 50 0 0 25 0 0 0 0 0
110 55 0 0 0 0 0 0 0 0
111 15 1 1 0 0 0 0 0 0
129 35 1 1 0 0 0 0 0 0
133 5 1 1 5 3 3 0 0 0
134 5 0 0 5 1 1 0 0 0
135 5 0 0 0 0 0 0 0 0
136 5 0 0 0 0 0 0 0 0
137 5 0 0 0 0 0 0 0 0
183 5 0 0 5 0 0 0 0 0
184 5 0 0 5 0 0 0 0 0
185 40 0 0 0 0 0 10 1 1
221 3 0 0 0 0 0 0 0 0
222 6 0 0 0 0 0 0 0 0
226 6 0 0 0 0 0 0 0 0
228 21 1 1 0 0 0 0 0 0
232 3 0 0 3 0 0 0 0 0
233 3 0 0 3 0 0 0 0 0
234 3 0 0 3 0 0 0 0 0
235 3 0 0 0 0 0 0 0 0
236 3 0 0 0 0 0 0 0 0
237 3 0 0 0 0 0 0 0 0
289 3 0 0 3 0 0 0 0 0
290 3 0 0 3 0 0 0 0 0
291 18 1 1 0 0 0 0 0 0
292 6 0 0 0 0 0 0 0 0
299 6 1 1 0 0 0 0 0 0
304 18 1 1 0 0 0 0 0 0
305 6 0 0 0 0 0 0 0 0
315 154 1 1 0 0 0 132 1 1
318 22 0 0 0 0 0 0 0 0
319 22 0 0 0 0 0 0 0 0
322 44 0 0 0 0 0 0 0 0
326 33 0 0 0 0 0 0 0 0
328 3 0 0 3 1 1 0 0 0
329 3 0 0 3 0 0 0 0 0
330 3 0 0 0 0 0 0 0 0
331 3 0 0 0 0 0 0 0 0
333 6 0 0 0 0 0 0 0 0
335 3 0 0 0 0 0 0 0 0
342 24 1 1 0 0 0 0 0 0
343 16 0 0 0 0 0 0 0 0
346 10 0 0 0 0 0 0 0 0
350 9 0 0 0 0 0 0 0 0
351 3 0 0 0 0 0 0 0 0
352 3 0 0 0 0 0 0 0 0
356 246 2 2 0 0 0 0 0 0
358 107 0 0 107 1 1 0 0 0
359 107 0 0 107 6 6 0 0 0
360 107 0 0 0 0 0 0 0 0
363 348 0 0 0 0 0 0 0 0
368 16 0 0 0 0 0 0 0 0
369 176 0 0 154 0 0 0 0 0
fl=/build/eglibc-SvCtMH/eglibc-2.19/string/../string/memmove.c
fn=memmove
49 10 1 1 0 0 0 6 0 0
55 8 0 0 0 0 0 0 0 0
63 8 1 1 0 0 0 0 0 0
79 2 1 1 0 0 0 0 0 0
85 58 1 1 10 0 0 10 0 0
116 10 0 0 8 0 0 0 0 0
fl=/build/eglibc-SvCtMH/eglibc-2.19/string/../sysdeps/x86_64/memcpy.S
fn=mempcpy
61 28 1 1 0 0 0 0 0 0
65 28 0 0 0 0 0 0 0 0
68 26 0 0 0 0 0 0 0 0
69 26 0 0 0 0 0 0 0 0
71 13 0 0 13 1 1 0 0 0
72 13 0 0 0 0 0 13 1 1
74 13 0 0 0 0 0 0 0 0
75 13 0 0 0 0 0 0 0 0
80 26 0 0 0 0 0 0 0 0
81 26 0 0 0 0 0 0 0 0
83 16 0 0 16 0 0 0 0 0
84 16 0 0 0 0 0 16 0 0
86 16 0 0 0 0 0 0 0 0
87 16 0 0 0 0 0 0 0 0
92 26 0 0 0 0 0 0 0 0
93 26 0 0 0 0 0 0 0 0
95 14 0 0 14 0 0 0 0 0
96 14 0 0 0 0 0 14 1 1
98 14 0 0 0 0 0 0 0 0
99 14 0 0 0 0 0 0 0 0
104 26 0 0 0 0 0 0 0 0
105 26 0 0 0 0 0 0 0 0
107 14 0 0 14 0 0 0 0 0
108 14 0 0 0 0 0 14 1 1
110 14 0 0 0 0 0 0 0 0
111 28 0 0 0 0 0 0 0 0
116 26 1 1 0 0 0 0 0 0
117 28 0 0 0 0 0 0 0 0
122 2 0 0 2 1 0 0 0 0
123 2 0 0 2 0 0 0 0 0
124 2 0 0 0 0 0 2 1 1
125 2 0 0 0 0 0 2 0 0
127 2 0 0 0 0 0 0 0 0
129 2 0 0 0 0 0 0 0 0
130 2 0 0 0 0 0 0 0 0
132 2 0 0 0 0 0 0 0 0
138 26 0 0 0 0 0 0 0 0
142 26 0 0 26 0 0 0 0 0
154 5 1 1 0 0 0 0 0 0
156 5 0 0 0 0 0 0 0 0
157 5 0 0 0 0 0 0 0 0
183 5 0 0 0 0 0 0 0 0
184 5 0 0 0 0 0 0 0 0
187 5 0 0 0 0 0 0 0 0
188 5 0 0 0 0 0 0 0 0
189 5 0 0 0 0 0 0 0 0
194 5 1 1 0 0 0 0 0 0
196 5 0 0 5 0 0 0 0 0
197 5 0 0 5 0 0 0 0 0
198 5 0 0 5 0 0 0 0 0
199 5 0 0 5 0 0 0 0 0
201 5 0 0 0 0 0 5 1 1
202 5 0 0 0 0 0 5 2 2
203 5 0 0 0 0 0 5 0 0
204 5 0 0 0 0 0 5 0 0
206 5 0 0 0 0 0 0 0 0
207 5 0 0 0 0 0 0 0 0
209 5 0 0 0 0 0 0 0 0
231 5 1 1 0 0 0 0 0 0
233 5 0 0 0 0 0 0 0 0
235 2 0 0 0 0 0 0 0 0
242 2 0 0 2 0 0 0 0 0
fl=/build/eglibc-SvCtMH/eglibc-2.19/string/../sysdeps/x86_64/multiarch/../cacheinfo.c
fn=handle_intel
305 16 0 0 0 0 0 12 0 0
306 4 1 1 0 0 0 0 0 0
317 6 0 0 0 0 0 2 0 0
319 2 0 0 0 0 0 2 0 0
320 4 0 0 0 0 0 2 0 0
322 2 0 0 0 0 0 0 0 0
328 8 1 1 0 0 0 2 0 0
333 4 0 0 0 0 0 0 0 0
335 6 1 1 0 0 0 2 0 0
336 2 0 0 0 0 0 0 0 0
340 10 1 1 0 0 0 2 0 0
341 4 0 0 0 0 0 0 0 0
344 10 0 0 0 0 0 2 0 0
345 4 0 0 0 0 0 0 0 0
362 16 0 0 14 0 0 0 0 0
fn=init_cacheinfo
550 3 1 1 0 0 0 3 0 0
563 3 0 0 1 1 0 0 0 0
570 2 0 0 0 0 0 0 0 0
572 4 0 0 1 0 0 1 0 0
575 1 0 0 0 0 0 0 0 0
576 4 1 1 1 0 0 1 0 0
578 2 0 0 0 0 0 0 0 0
589 1 0 0 1 0 0 0 0 0
607 4 0 0 1 0 0 0 0 0
614 17 1 1 0 0 0 0 0 0
620 8 0 0 0 0 0 0 0 0
623 20 0 0 0 0 0 0 0 0
625 2 1 1 0 0 0 0 0 0
631 5 0 0 0 0 0 0 0 0
638 9 1 1 0 0 0 0 0 0
640 2 0 0 0 0 0 0 0 0
642 8 0 0 0 0 0 0 0 0
644 4 0 0 0 0 0 0 0 0
649 1 1 1 0 0 0 0 0 0
651 4 0 0 0 0 0 0 0 0
652 2 0 0 0 0 0 0 0 0
653 1 0 0 0 0 0 0 0 0
657 2 0 0 0 0 0 0 0 0
669 4 0 0 0 0 0 0 0 0
670 5 1 1 0 0 0 0 0 0
744 2 0 0 0 0 0 0 0 0
746 3 1 1 0 0 0 1 0 0
747 1 0 0 0 0 0 1 1 1
749 1 0 0 0 0 0 0 0 0
750 3 0 0 0 0 0 1 0 0
751 1 0 0 0 0 0 1 0 0
754 2 0 0 0 0 0 0 0 0
756 3 0 0 0 0 0 1 0 0
757 1 0 0 0 0 0 1 1 1
759 1 0 0 0 0 0 0 0 0
760 3 0 0 0 0 0 1 0 0
761 1 0 0 0 0 0 1 0 0
763 4 0 0 4 0 0 0 0 0
fn=intel_check_word
150 108 0 0 54 6 6 0 0 0
153 54 0 0 0 0 0 0 0 0
161 16 1 1 0 0 0 12 0 0
162 8 1 1 0 0 0 0 0 0
164 2 0 0 0 0 0 0 0 0
168 28 0 0 0 0 0 0 0 0
170 32 0 0 0 0 0 0 0 0
172 10 0 0 0 0 0 0 0 0
174 20 0 0 0 0 0 0 0 0
182 20 1 1 0 0 0 0 0 0
194 39 2 2 0 0 0 0 0 0
199 16 0 0 0 0 0 0 0 0
203 10 1 1 0 0 0 0 0 0
205 5 1 1 0 0 0 0 0 0
210 8 0 0 0 0 0 0 0 0
213 2 1 1 0 0 0 0 0 0
215 4 0 0 0 0 0 0 0 0
217 10 1 1 0 0 0 0 0 0
218 8 0 0 0 0 0 0 0 0
219 8 1 1 0 0 0 0 0 0
220 2 0 0 0 0 0 0 0 0
228 3 1 1 0 0 0 0 0 0
235 16 0 0 0 0 0 0 0 0
295 8 1 1 0 0 0 0 0 0
300 16 0 0 16 0 0 0 0 0
fl=/build/eglibc-SvCtMH/eglibc-2.19/string/../sysdeps/x86_64/multiarch/../memcmp.S
fn=__GI_memcmp
24 41 1 1 0 0 0 0 0 0
25 41 0 0 0 0 0 0 0 0
26 41 0 0 0 0 0 0 0 0
27 41 1 1 0 0 0 0 0 0
28 41 0 0 0 0 0 0 0 0
29 41 0 0 0 0 0 0 0 0
30 41 0 0 0 0 0 0 0 0
31 41 0 0 0 0 0 0 0 0
34 41 0 0 0 0 0 0 0 0
35 41 0 0 0 0 0 0 0 0
36 40 0 0 40 0 0 0 0 0
37 40 0 0 40 0 0 0 0 0
38 40 0 0 0 0 0 0 0 0
39 40 0 0 0 0 0 0 0 0
40 40 0 0 0 0 0 0 0 0
41 40 0 0 0 0 0 0 0 0
42 40 0 0 0 0 0 0 0 0
44 10 0 0 0 0 0 0 0 0
45 10 1 1 0 0 0 0 0 0
46 1 0 0 1 0 0 0 0 0
47 1 0 0 1 0 0 0 0 0
48 1 0 0 0 0 0 0 0 0
49 1 0 0 0 0 0 0 0 0
50 1 0 0 0 0 0 0 0 0
51 1 0 0 0 0 0 0 0 0
52 1 0 0 0 0 0 0 0 0
54 10 0 0 0 0 0 0 0 0
55 10 0 0 0 0 0 0 0 0
56 10 0 0 10 0 0 0 0 0
57 10 0 0 10 0 0 0 0 0
58 10 0 0 0 0 0 0 0 0
59 10 0 0 0 0 0 0 0 0
94 31 0 0 31 0 0 0 0 0
98 10 1 1 0 0 0 0 0 0
99 10 0 0 0 0 0 0 0 0
100 1 0 0 0 0 0 0 0 0
101 1 0 0 0 0 0 0 0 0
102 1 0 0 0 0 0 0 0 0
103 1 0 0 0 0 0 0 0 0
104 1 0 0 0 0 0 0 0 0
105 1 0 0 0 0 0 0 0 0
106 1 0 0 0 0 0 0 0 0
107 1 0 0 0 0 0 0 0 0
108 1 0 0 0 0 0 0 0 0
109 1 0 0 0 0 0 0 0 0
110 1 0 0 1 0 0 0 0 0
114 9 0 0 0 0 0 0 0 0
115 9 0 0 9 0 0 0 0 0
fl=/build/eglibc-SvCtMH/eglibc-2.19/string/../sysdeps/x86_64/multiarch/../memcpy.S
fn=memcpy
61 25 1 1 0 0 0 0 0 0
63 25 0 0 0 0 0 0 0 0
65 25 0 0 0 0 0 0 0 0
68 25 0 0 0 0 0 0 0 0
69 25 0 0 0 0 0 0 0 0
71 8 1 1 8 0 0 0 0 0
72 8 0 0 0 0 0 8 3 3
74 8 0 0 0 0 0 0 0 0
75 8 0 0 0 0 0 0 0 0
80 25 0 0 0 0 0 0 0 0
81 25 0 0 0 0 0 0 0 0
83 9 0 0 9 0 0 0 0 0
84 9 0 0 0 0 0 9 3 3
86 9 0 0 0 0 0 0 0 0
87 18 0 0 0 0 0 0 0 0
92 25 0 0 0 0 0 0 0 0
93 25 0 0 0 0 0 0 0 0
95 6 0 0 6 0 0 0 0 0
96 6 0 0 0 0 0 6 0 0
98 6 0 0 0 0 0 0 0 0
99 6 0 0 0 0 0 0 0 0
104 25 0 0 0 0 0 0 0 0
105 25 0 0 0 0 0 0 0 0
107 16 0 0 16 0 0 0 0 0
108 16 0 0 0 0 0 16 1 1
110 16 0 0 0 0 0 0 0 0
111 16 0 0 0 0 0 0 0 0
116 25 1 1 0 0 0 0 0 0
117 37 0 0 0 0 0 0 0 0
122 12 0 0 12 0 0 0 0 0
123 12 0 0 12 0 0 0 0 0
124 12 0 0 0 0 0 12 2 2
125 12 0 0 0 0 0 12 1 1
127 12 0 0 0 0 0 0 0 0
129 12 0 0 0 0 0 0 0 0
130 12 0 0 0 0 0 0 0 0
132 12 0 0 0 0 0 0 0 0
140 25 0 0 25 0 0 0 0 0
148 10 0 0 0 0 0 10 0 0
154 10 0 0 0 0 0 0 0 0
156 10 0 0 0 0 0 0 0 0
157 10 0 0 0 0 0 0 0 0
160 5 2 1 0 0 0 0 0 0
161 10 0 0 0 0 0 0 0 0
166 18 0 0 18 0 0 0 0 0
167 18 0 0 0 0 0 18 2 2
169 18 0 0 0 0 0 0 0 0
171 18 0 0 0 0 0 0 0 0
172 18 0 0 0 0 0 0 0 0
174 23 0 0 0 0 0 0 0 0
183 10 0 0 0 0 0 0 0 0
184 10 0 0 0 0 0 0 0 0
187 10 0 0 0 0 0 0 0 0
188 10 0 0 0 0 0 0 0 0
189 10 0 0 0 0 0 0 0 0
194 7 1 1 0 0 0 0 0 0
196 7 0 0 7 0 0 0 0 0
197 7 0 0 7 0 0 0 0 0
198 7 0 0 7 0 0 0 0 0
199 7 0 0 7 0 0 0 0 0
201 7 0 0 0 0 0 7 1 1
202 7 0 0 0 0 0 7 0 0
203 7 0 0 0 0 0 7 1 1
204 7 0 0 0 0 0 7 1 1
206 7 0 0 0 0 0 0 0 0
207 7 0 0 0 0 0 0 0 0
209 7 0 0 0 0 0 0 0 0
231 10 1 1 0 0 0 0 0 0
237 10 0 0 10 0 0 0 0 0
238 10 0 0 0 0 0 0 0 0
fl=/build/eglibc-SvCtMH/eglibc-2.19/string/../sysdeps/x86_64/multiarch/../rtld-strlen.S
fn=strlen
26 24 1 1 0 0 0 0 0 0
27 24 0 0 0 0 0 0 0 0
28 24 0 0 0 0 0 0 0 0
29 24 0 0 0 0 0 0 0 0
31 15 0 0 0 0 0 0 0 0
32 15 0 0 0 0 0 0 0 0
34 57 0 0 57 1 1 0 0 0
35 57 0 0 0 0 0 0 0 0
36 56 0 0 0 0 0 0 0 0
37 56 0 0 0 0 0 0 0 0
38 56 0 0 0 0 0 0 0 0
40 46 1 1 0 0 0 0 0 0
45 29 0 0 29 0 0 0 0 0
46 29 0 0 0 0 0 0 0 0
47 29 0 0 0 0 0 0 0 0
48 29 0 0 0 0 0 0 0 0
51 29 0 0 0 0 0 0 0 0
52 23 0 0 0 0 0 0 0 0
53 23 0 0 0 0 0 0 0 0
54 23 0 0 0 0 0 0 0 0
56 23 0 0 0 0 0 0 0 0
59 19 0 0 19 1 1 0 0 0
60 19 0 0 0 0 0 0 0 0
61 19 0 0 0 0 0 0 0 0
62 19 0 0 0 0 0 0 0 0
65 19 0 0 0 0 0 0 0 0
66 13 0 0 0 0 0 0 0 0
67 13 0 0 0 0 0 0 0 0
68 13 1 1 0 0 0 0 0 0
70 13 0 0 0 0 0 0 0 0
73 11 0 0 11 1 1 0 0 0
74 11 0 0 0 0 0 0 0 0
75 11 0 0 0 0 0 0 0 0
76 11 0 0 0 0 0 0 0 0
79 11 0 0 0 0 0 0 0 0
80 11 0 0 0 0 0 0 0 0
81 11 0 0 0 0 0 0 0 0
82 11 0 0 0 0 0 0 0 0
84 11 0 0 0 0 0 0 0 0
87 11 0 0 11 0 0 0 0 0
88 11 0 0 0 0 0 0 0 0
89 11 0 0 0 0 0 0 0 0
90 11 0 0 0 0 0 0 0 0
93 11 0 0 0 0 0 0 0 0
94 9 0 0 0 0 0 0 0 0
95 9 0 0 0 0 0 0 0 0
96 9 0 0 0 0 0 0 0 0
98 12 0 0 0 0 0 0 0 0
101 23 1 1 0 0 0 0 0 0
103 23 0 0 0 0 0 0 0 0
104 23 0 0 0 0 0 0 0 0
105 22 0 0 0 0 0 0 0 0
107 22 0 0 0 0 0 0 0 0
108 22 0 0 0 0 0 0 0 0
109 22 0 0 0 0 0 0 0 0
111 22 0 0 0 0 0 0 0 0
112 22 0 0 0 0 0 0 0 0
113 21 0 0 0 0 0 0 0 0
115 21 0 0 0 0 0 0 0 0
116 21 0 0 0 0 0 0 0 0
117 19 0 0 0 0 0 0 0 0
119 19 0 0 0 0 0 0 0 0
121 19 0 0 0 0 0 0 0 0
122 19 0 0 0 0 0 0 0 0
123 16 0 0 0 0 0 0 0 0
125 16 0 0 0 0 0 0 0 0
126 16 0 0 0 0 0 0 0 0
127 12 0 0 0 0 0 0 0 0
129 12 0 0 0 0 0 0 0 0
130 12 0 0 0 0 0 0 0 0
131 9 0 0 0 0 0 0 0 0
133 24 1 1 0 0 0 0 0 0
134 24 0 0 24 0 0 0 0 0
fl=/build/eglibc-SvCtMH/eglibc-2.19/string/../sysdeps/x86_64/multiarch/../strchr.S
fn=index
24 18 1 1 0 0 0 0 0 0
25 18 0 0 0 0 0 0 0 0
26 18 0 0 0 0 0 0 0 0
27 18 0 0 0 0 0 0 0 0
28 18 0 0 0 0 0 0 0 0
29 18 0 0 0 0 0 0 0 0
30 18 0 0 0 0 0 0 0 0
31 18 0 0 0 0 0 0 0 0
32 18 0 0 18 6 6 0 0 0
33 18 0 0 0 0 0 0 0 0
34 18 0 0 0 0 0 0 0 0
35 18 1 1 0 0 0 0 0 0
36 18 0 0 0 0 0 0 0 0
37 18 0 0 0 0 0 0 0 0
38 18 0 0 0 0 0 0 0 0
39 18 0 0 0 0 0 0 0 0
40 18 0 0 0 0 0 0 0 0
41 15 0 0 0 0 0 0 0 0
45 15 0 0 0 0 0 0 0 0
46 15 0 0 0 0 0 0 0 0
47 15 0 0 15 0 0 0 0 0
48 15 0 0 0 0 0 0 0 0
50 15 0 0 15 0 0 0 0 0
54 3 0 0 3 0 0 0 0 0
55 3 0 0 0 0 0 0 0 0
56 3 0 0 0 0 0 0 0 0
57 3 0 0 0 0 0 0 0 0
58 3 0 0 0 0 0 0 0 0
59 3 1 1 0 0 0 0 0 0
60 3 0 0 3 0 0 0 0 0
61 3 0 0 0 0 0 0 0 0
62 3 0 0 0 0 0 0 0 0
63 3 0 0 0 0 0 0 0 0
64 3 0 0 0 0 0 0 0 0
65 3 0 0 0 0 0 0 0 0
66 3 0 0 0 0 0 0 0 0
67 3 0 0 3 1 1 0 0 0
68 3 0 0 0 0 0 0 0 0
69 3 0 0 0 0 0 0 0 0
70 3 0 0 0 0 0 0 0 0
71 3 0 0 0 0 0 0 0 0
72 3 0 0 0 0 0 0 0 0
73 3 0 0 0 0 0 0 0 0
74 3 0 0 0 0 0 0 0 0
75 3 1 1 0 0 0 0 0 0
76 3 0 0 0 0 0 0 0 0
77 3 0 0 0 0 0 0 0 0
129 3 1 1 0 0 0 0 0 0
133 3 0 0 0 0 0 0 0 0
134 3 0 0 0 0 0 0 0 0
135 3 0 0 3 0 0 0 0 0
136 3 1 1 0 0 0 0 0 0
138 3 0 0 3 0 0 0 0 0
fl=/build/eglibc-SvCtMH/eglibc-2.19/string/../sysdeps/x86_64/multiarch/../strcmp.S
fn=__strcmp_ssse3
180 8 1 1 0 0 0 0 0 0
181 8 0 0 0 0 0 0 0 0
183 8 0 0 0 0 0 0 0 0
184 8 0 0 0 0 0 0 0 0
205 8 0 0 0 0 0 0 0 0
206 8 0 0 0 0 0 0 0 0
207 8 0 0 0 0 0 0 0 0
208 8 0 0 0 0 0 0 0 0
209 8 0 0 8 0 0 0 0 0
210 8 0 0 8 0 0 0 0 0
211 8 0 0 8 0 0 0 0 0
212 8 0 0 8 0 0 0 0 0
233 8 0 0 0 0 0 0 0 0
234 8 0 0 0 0 0 0 0 0
235 8 0 0 0 0 0 0 0 0
236 8 0 0 0 0 0 0 0 0
237 8 0 0 0 0 0 0 0 0
238 8 1 1 0 0 0 0 0 0
239 8 0 0 0 0 0 0 0 0
2247 8 1 1 0 0 0 0 0 0
2253 8 0 0 8 0 0 0 0 0
2254 8 0 0 8 0 0 0 0 0
2262 8 0 0 0 0 0 0 0 0
2263 8 0 0 8 0 0 0 0 0
fn=strcmp
131 17064 1 1 17064 94 35 0 0 0
132 17064 0 0 17064 44 11 0 0 0
133 17064 0 0 0 0 0 0 0 0
134 16608 0 0 0 0 0 0 0 0
135 16608 0 0 0 0 0 0 0 0
136 16608 0 0 0 0 0 0 0 0
137 16608 0 0 0 0 0 0 0 0
139 1349 0 0 0 0 0 0 0 0
140 1349 0 0 1349 0 0 0 0 0
142 456 0 0 0 0 0 0 0 0
143 456 0 0 0 0 0 0 0 0
144 456 0 0 0 0 0 0 0 0
145 456 0 0 456 0 0 0 0 0
fl=/build/eglibc-SvCtMH/eglibc-2.19/string/../sysdeps/x86_64/multiarch/memmove.c
fn=memcpy@GLIBC_2.2.5
49 1 1 1 0 0 0 0 0 0
fl=/build/eglibc-SvCtMH/eglibc-2.19/string/../sysdeps/x86_64/multiarch/strcmp.S
fn=strcasecmp
114 1 1 1 1 1 1 0 0 0
115 1 0 0 0 0 0 0 0 0
116 1 0 0 0 0 0 1 0 0
119 1 1 1 0 0 0 0 0 0
120 1 0 0 1 0 0 0 0 0
121 1 0 0 0 0 0 0 0 0
132 1 1 1 1 0 0 0 0 0
fn=strcmp
88 1 1 1 1 1 0 0 0 0
89 1 0 0 0 0 0 0 0 0
93 1 0 0 0 0 0 0 0 0
94 1 0 0 1 0 0 0 0 0
95 1 0 0 0 0 0 0 0 0
103 1 0 0 0 0 0 0 0 0
104 1 0 0 1 0 0 0 0 0
105 1 0 0 0 0 0 0 0 0
107 1 0 0 1 0 0 0 0 0
fn=strncasecmp
140 1 1 1 1 0 0 0 0 0
141 1 0 0 0 0 0 0 0 0
145 1 0 0 0 0 0 0 0 0
146 1 0 0 1 0 0 0 0 0
147 1 1 1 0 0 0 0 0 0
158 1 0 0 1 0 0 0 0 0
fl=/build/eglibc-SvCtMH/eglibc-2.19/string/../sysdeps/x86_64/rtld-memset.S
fn=memset
30 17 1 1 0 0 0 0 0 0
31 17 0 0 0 0 0 0 0 0
32 17 0 0 0 0 0 0 0 0
33 5113 0 0 0 0 0 5096 83 83
34 17 0 0 0 0 0 0 0 0
35 17 0 0 17 0 0 0 0 0
fl=/build/eglibc-SvCtMH/eglibc-2.19/string/../sysdeps/x86_64/strchr.S
fn=strchrnul
24 1 1 1 0 0 0 0 0 0
25 1 0 0 0 0 0 0 0 0
26 1 0 0 0 0 0 0 0 0
27 1 0 0 0 0 0 0 0 0
28 1 0 0 0 0 0 0 0 0
29 1 0 0 0 0 0 0 0 0
30 1 0 0 0 0 0 0 0 0
31 1 0 0 0 0 0 0 0 0
32 1 0 0 1 0 0 0 0 0
33 1 0 0 0 0 0 0 0 0
34 1 0 0 0 0 0 0 0 0
35 1 1 1 0 0 0 0 0 0
36 1 0 0 0 0 0 0 0 0
37 1 0 0 0 0 0 0 0 0
38 1 0 0 0 0 0 0 0 0
39 1 0 0 0 0 0 0 0 0
40 1 0 0 0 0 0 0 0 0
54 1 0 0 1 1 1 0 0 0
55 1 0 0 0 0 0 0 0 0
56 1 0 0 0 0 0 0 0 0
57 1 0 0 0 0 0 0 0 0
58 1 0 0 0 0 0 0 0 0
59 1 0 0 0 0 0 0 0 0
60 1 0 0 1 0 0 0 0 0
61 1 1 1 0 0 0 0 0 0
62 1 0 0 0 0 0 0 0 0
63 1 0 0 0 0 0 0 0 0
64 1 0 0 0 0 0 0 0 0
65 1 0 0 0 0 0 0 0 0
66 1 0 0 0 0 0 0 0 0
67 1 0 0 1 0 0 0 0 0
68 1 0 0 0 0 0 0 0 0
69 1 0 0 0 0 0 0 0 0
70 1 0 0 0 0 0 0 0 0
71 1 0 0 0 0 0 0 0 0
72 1 0 0 0 0 0 0 0 0
73 1 0 0 0 0 0 0 0 0
74 1 0 0 0 0 0 0 0 0
75 1 0 0 0 0 0 0 0 0
76 1 0 0 0 0 0 0 0 0
77 1 1 1 0 0 0 0 0 0
129 1 1 1 0 0 0 0 0 0
131 1 0 0 0 0 0 0 0 0
138 1 0 0 1 0 0 0 0 0
fl=/build/eglibc-SvCtMH/eglibc-2.19/string/../sysdeps/x86_64/strlen.S
fn=strlen
66 58 1 1 0 0 0 0 0 0
67 58 0 0 0 0 0 0 0 0
68 58 0 0 0 0 0 0 0 0
69 58 0 0 0 0 0 0 0 0
70 58 0 0 0 0 0 0 0 0
71 58 0 0 0 0 0 0 0 0
72 58 0 0 0 0 0 0 0 0
74 58 0 0 0 0 0 0 0 0
76 58 0 0 0 0 0 0 0 0
106 58 0 0 58 4 4 0 0 0
107 58 1 1 0 0 0 0 0 0
108 58 0 0 0 0 0 0 0 0
109 58 0 0 0 0 0 0 0 0
110 58 0 0 0 0 0 0 0 0
111 58 0 0 0 0 0 0 0 0
112 58 0 0 58 0 0 0 0 0
fl=/build/eglibc-SvCtMH/eglibc-2.19/string/../sysdeps/x86_64/strrchr.S
fn=rindex
24 1 1 1 0 0 0 0 0 0
25 1 0 0 0 0 0 0 0 0
26 1 0 0 0 0 0 0 0 0
27 1 0 0 0 0 0 0 0 0
28 1 0 0 0 0 0 0 0 0
29 1 0 0 0 0 0 0 0 0
30 1 0 0 0 0 0 0 0 0
31 1 0 0 0 0 0 0 0 0
32 1 0 0 1 1 0 0 0 0
33 1 0 0 0 0 0 0 0 0
34 1 1 1 0 0 0 0 0 0
35 1 0 0 0 0 0 0 0 0
36 1 0 0 0 0 0 0 0 0
37 1 0 0 0 0 0 0 0 0
38 1 0 0 0 0 0 0 0 0
39 1 0 0 0 0 0 0 0 0
40 1 0 0 0 0 0 0 0 0
51 1 0 0 1 0 0 0 0 0
52 1 0 0 0 0 0 0 0 0
53 1 0 0 1 1 0 0 0 0
54 1 1 1 0 0 0 0 0 0
55 1 0 0 0 0 0 0 0 0
56 1 0 0 1 0 0 0 0 0
57 1 0 0 0 0 0 0 0 0
58 1 0 0 0 0 0 0 0 0
59 1 0 0 0 0 0 0 0 0
60 1 0 0 0 0 0 0 0 0
61 1 0 0 0 0 0 0 0 0
62 1 0 0 0 0 0 0 0 0
63 1 0 0 0 0 0 0 0 0
64 1 0 0 0 0 0 0 0 0
65 1 0 0 0 0 0 0 0 0
66 1 0 0 0 0 0 0 0 0
67 1 0 0 0 0 0 0 0 0
68 1 0 0 0 0 0 0 0 0
69 1 0 0 0 0 0 0 0 0
70 1 1 1 0 0 0 0 0 0
71 1 0 0 0 0 0 0 0 0
72 1 0 0 0 0 0 0 0 0
73 1 0 0 0 0 0 0 0 0
74 1 0 0 0 0 0 0 0 0
75 1 0 0 0 0 0 0 0 0
76 1 0 0 0 0 0 0 0 0
77 1 0 0 0 0 0 0 0 0
78 1 0 0 0 0 0 0 0 0
79 1 0 0 0 0 0 0 0 0
80 1 0 0 0 0 0 0 0 0
81 1 0 0 0 0 0 0 0 0
82 1 0 0 0 0 0 0 0 0
83 1 0 0 0 0 0 0 0 0
84 1 0 0 0 0 0 0 0 0
85 1 0 0 0 0 0 0 0 0
86 1 0 0 0 0 0 0 0 0
87 1 0 0 1 0 0 0 0 0
fl=/build/eglibc-SvCtMH/eglibc-2.19/time/../sysdeps/generic/dl-hash.h
fn=gettimeofday
43 1 0 0 0 0 0 0 0 0
44 1 1 1 0 0 0 0 0 0
45 13 1 1 4 0 0 0 0 0
48 12 0 0 0 0 0 0 0 0
49 8 0 0 0 0 0 0 0 0
62 8 0 0 0 0 0 0 0 0
67 1 0 0 0 0 0 0 0 0
fn=time
43 1 0 0 0 0 0 0 0 0
44 1 0 0 0 0 0 0 0 0
45 13 0 0 4 1 1 0 0 0
48 12 0 0 0 0 0 0 0 0
49 8 1 1 0 0 0 0 0 0
62 8 0 0 0 0 0 0 0 0
67 1 0 0 0 0 0 0 0 0
fl=/build/eglibc-SvCtMH/eglibc-2.19/time/../sysdeps/unix/sysv/linux/x86_64/gettimeofday.c
fn=gettimeofday
30 1 0 0 0 0 0 0 0 0
31 7 0 0 0 0 0 4 0 0
34 3 0 0 0 0 0 1 0 0
35 3 0 0 0 0 0 0 0 0
36 3 0 0 1 0 0 0 0 0
fl=/build/eglibc-SvCtMH/eglibc-2.19/time/../sysdeps/unix/sysv/linux/x86_64/time.c
fn=time
36 1 0 0 0 0 0 0 0 0
37 7 1 1 0 0 0 4 0 0
40 6 1 1 0 0 0 1 0 0
41 3 0 0 1 0 0 0 0 0
fl=/build/eglibc-SvCtMH/eglibc-2.19/wcsmbs/./wcsmbsload.h
fn=btowc
71 384 0 0 128 1 0 0 0 0
73 384 1 1 0 0 0 0 0 0
74 256 0 0 0 0 0 0 0 0
fl=/build/eglibc-SvCtMH/eglibc-2.19/wcsmbs/btowc.c
fn=btowc
34 1280 1 1 0 0 0 768 0 0
39 1280 1 1 0 0 0 0 0 0
40 256 0 0 0 0 0 0 0 0
44 768 0 0 0 0 0 0 0 0
48 384 0 0 384 1 0 0 0 0
49 256 1 1 256 1 0 0 0 0
51 256 0 0 128 1 0 0 0 0
52 256 0 0 0 0 0 0 0 0
56 256 0 0 128 1 0 0 0 0
59 768 0 0 128 0 0 256 0 0
101 1280 0 0 1024 0 0 0 0 0
fl=/build/eglibc-SvCtMH/eglibc-2.19/wcsmbs/wctob.c
fn=wctob
32 896 1 1 0 0 0 640 0 0
41 256 1 1 0 0 0 0 0 0
46 256 0 0 0 0 0 0 0 0
47 128 0 0 0 0 0 0 0 0
84 896 0 0 768 0 0 0 0 0
fl=/build/eglibc-SvCtMH/eglibc-2.19/wctype/wctype_l.c
fn=wctype_l
27 81 1 1 0 0 0 54 0 0
30 18 0 0 0 0 0 9 0 0
33 27 0 0 18 1 0 0 0 0
34 49 0 0 0 0 0 0 0 0
36 147 1 1 0 0 0 49 0 0
38 344 0 0 0 0 0 41 0 0
41 40 0 0 0 0 0 0 0 0
42 80 0 0 40 0 0 0 0 0
46 9 0 0 9 1 0 0 0 0
47 9 0 0 9 2 0 0 0 0
48 72 1 1 63 0 0 0 0 0
fl=/home/gunkol-5/Documents/git/gunkol-5/S0017D/OptimizeSubdiv/HE_Mesh.cpp
fn=HE_Mesh::parseOBJ(char const*)
22 9 2 2 1 0 0 5 0 0
23 1 0 0 0 0 0 1 0 0
24 1 0 0 0 0 0 1 0 0
25 1 0 0 0 0 0 1 0 0
26 9 1 1 0 0 0 3 0 0
27 3 0 0 0 0 0 1 0 0
28 3 0 0 0 0 0 1 0 0
29 3 1 1 0 0 0 1 0 0
31 5 0 0 1 0 0 2 1 0
34 2 0 0 1 0 0 0 0 0
36 3 0 0 0 0 0 1 0 0
41 6 1 1 1 0 0 1 0 0
fn=_GLOBAL__sub_I__Z5splitRKSscRSt6vectorISsSaISsEE
608 7 1 1 2 0 0 2 0 0
fn=__static_initialization_and_destruction_0(int, int)
608 11 1 1 4 0 0 3 0 0
fl=/home/gunkol-5/Documents/git/gunkol-5/S0017D/OptimizeSubdiv/HE_Mesh.h
fn=HE_Mesh::HE_Mesh()
57 5 1 1 0 0 0 3 0 0
fn=mem_pool<HE_Edge>::mem_pool()
29 7 1 1 1 0 0 3 0 0
31 2 0 0 1 0 0 1 0 0
32 2 0 0 2 0 0 0 0 0
fn=mem_pool<HE_Face>::mem_pool()
29 7 1 1 1 0 0 3 0 0
31 2 0 0 1 0 0 1 0 0
32 2 0 0 2 0 0 0 0 0
fn=mem_pool<HE_Vertex>::mem_pool()
29 14 2 2 2 0 0 6 0 0
31 4 0 0 2 0 0 2 0 0
32 4 0 0 4 0 0 0 0 0
fl=/home/gunkol-5/Documents/git/gunkol-5/S0017D/OptimizeSubdiv/main.cpp
fn=_GLOBAL__sub_I_main
19 7 1 1 2 1 0 2 0 0
fn=__static_initialization_and_destruction_0(int, int)
19 11 1 1 4 0 0 3 0 0
fn=main
3 6 2 1 0 0 0 4 0 0
6 3 0 0 2 1 0 1 0 0
7 17 1 1 11 0 0 1 0 0
8 30 0 0 9 0 0 3 0 0
9 9 0 0 3 0 0 2 0 0
11 3 0 0 0 0 0 1 0 0
12 5 0 0 1 0 0 1 0 0
fl=/usr/include/c++/4.8/bits/allocator.h
fn=std::allocator<Vector4D>::allocator()
113 27 1 1 9 0 0 9 0 0
fn=std::allocator<int>::allocator()
113 27 2 2 9 0 0 9 0 0
fn=std::allocator<mem_pool<HE_Edge>::block*>::allocator()
113 9 1 1 3 0 0 3 0 0
fn=std::allocator<mem_pool<HE_Face>::block*>::allocator()
113 9 0 0 3 0 0 3 0 0
fn=std::allocator<mem_pool<HE_Vertex>::block*>::allocator()
113 18 0 0 6 0 0 6 0 0
fl=/usr/include/c++/4.8/bits/stl_vector.h
fn=std::_Vector_base<Vector4D, std::allocator<Vector4D> >::_Vector_base()
124 12 1 1 0 0 0 6 0 0
125 15 1 1 9 0 0 3 0 0
fn=std::_Vector_base<Vector4D, std::allocator<Vector4D> >::_Vector_impl::_Vector_impl()
86 12 1 1 0 0 0 6 0 0
87 27 1 1 12 0 0 12 0 0
88 6 0 0 6 0 0 0 0 0
fn=std::_Vector_base<int, std::allocator<int> >::_Vector_base()
124 12 1 1 0 0 0 6 0 0
125 15 1 1 9 0 0 3 0 0
fn=std::_Vector_base<int, std::allocator<int> >::_Vector_impl::_Vector_impl()
86 12 1 1 0 0 0 6 0 0
87 27 1 1 12 0 0 12 0 0
88 6 0 0 6 0 0 0 0 0
fn=std::_Vector_base<mem_pool<HE_Edge>::block*, std::allocator<mem_pool<HE_Edge>::block*> >::_Vector_base()
124 4 1 1 0 0 0 2 0 0
125 5 0 0 3 0 0 1 0 0
fn=std::_Vector_base<mem_pool<HE_Edge>::block*, std::allocator<mem_pool<HE_Edge>::block*> >::_Vector_impl::_Vector_impl()
86 4 1 1 0 0 0 2 0 0
87 9 1 1 4 0 0 4 0 0
88 2 0 0 2 0 0 0 0 0
fn=std::_Vector_base<mem_pool<HE_Face>::block*, std::allocator<mem_pool<HE_Face>::block*> >::_Vector_base()
124 4 1 1 0 0 0 2 0 0
125 5 0 0 3 0 0 1 0 0
fn=std::_Vector_base<mem_pool<HE_Face>::block*, std::allocator<mem_pool<HE_Face>::block*> >::_Vector_impl::_Vector_impl()
86 4 1 1 0 0 0 2 0 0
87 9 1 1 4 0 0 4 0 0
88 2 0 0 2 0 0 0 0 0
fn=std::_Vector_base<mem_pool<HE_Vertex>::block*, std::allocator<mem_pool<HE_Vertex>::block*> >::_Vector_base()
124 8 1 1 0 0 0 4 0 0
125 10 0 0 6 0 0 2 0 0
fn=std::_Vector_base<mem_pool<HE_Vertex>::block*, std::allocator<mem_pool<HE_Vertex>::block*> >::_Vector_impl::_Vector_impl()
86 8 1 1 0 0 0 4 0 0
87 18 1 1 8 0 0 8 0 0
88 4 0 0 4 0 0 0 0 0
fn=std::vector<Vector4D, std::allocator<Vector4D> >::vector()
248 12 1 1 0 0 0 6 0 0
249 15 0 0 9 0 0 3 0 0
fn=std::vector<int, std::allocator<int> >::vector()
248 12 1 1 0 0 0 6 0 0
249 15 0 0 9 0 0 3 0 0
fn=std::vector<mem_pool<HE_Edge>::block*, std::allocator<mem_pool<HE_Edge>::block*> >::vector()
248 4 1 1 0 0 0 2 0 0
249 5 0 0 3 0 0 1 0 0
fn=std::vector<mem_pool<HE_Face>::block*, std::allocator<mem_pool<HE_Face>::block*> >::vector()
248 4 1 1 0 0 0 2 0 0
249 5 0 0 3 0 0 1 0 0
fn=std::vector<mem_pool<HE_Vertex>::block*, std::allocator<mem_pool<HE_Vertex>::block*> >::vector()
248 8 1 1 0 0 0 4 0 0
249 10 0 0 6 0 0 2 0 0
fl=/usr/include/c++/4.8/ext/new_allocator.h
fn=__gnu_cxx::new_allocator<Vector4D>::new_allocator()
79 15 1 1 6 0 0 6 0 0
fn=__gnu_cxx::new_allocator<int>::new_allocator()
79 15 1 1 6 0 0 6 0 0
fn=__gnu_cxx::new_allocator<mem_pool<HE_Edge>::block*>::new_allocator()
79 5 1 1 2 0 0 2 0 0
fn=__gnu_cxx::new_allocator<mem_pool<HE_Face>::block*>::new_allocator()
79 5 0 0 2 0 0 2 0 0
fn=__gnu_cxx::new_allocator<mem_pool<HE_Vertex>::block*>::new_allocator()
79 10 1 1 4 0 0 4 0 0
fl=/usr/include/c++/4.8/iostream
fn=__static_initialization_and_destruction_0(int, int)
74 12 0 0 0 0 0 4 0 0
fl=???
fn=???
0 1840 119 113 1164 94 7 291 13 11
fn=HE_Mesh::HE_Mesh()
0 22 2 2 8 0 0 5 0 0
fn=__atan2_finite
0 9 0 0 2 0 0 1 0 0
fn=__cpu_indicator_init
0 89 7 7 19 2 1 13 0 0
fn=__cxa_guard_acquire
0 26 3 3 10 1 0 6 0 0
fn=__cxa_guard_release
0 5 2 2 2 0 0 2 0 0
fn=__cxxabiv1::__si_class_type_info::__do_dyncast(long, __cxxabiv1::__class_type_info::__sub_kind, __cxxabiv1::__class_type_info const*, void const*, __cxxabiv1::__class_type_info const*, void const*, __cxxabiv1::__class_type_info::__dyncast_result&) const
0 1400 3 3 440 0 0 360 0 0
fn=__cxxabiv1::__vmi_class_type_info::__do_dyncast(long, __cxxabiv1::__class_type_info::__sub_kind, __cxxabiv1::__class_type_info const*, void const*, __cxxabiv1::__class_type_info const*, void const*, __cxxabiv1::__class_type_info::__dyncast_result&) const
0 464 5 5 176 2 1 128 0 0
fn=__dynamic_cast
0 2160 3 3 672 15 0 576 0 0
fn=__libc_csu_init
0 48 3 2 10 3 1 10 0 0
fn=__log_finite
0 9 1 1 2 0 0 1 0 0
fn=_dl_debug_initialize
0 7 0 0 6 0 0 0 0 0
fn=bool std::has_facet<std::ctype<char> >(std::locale const&)
0 84 2 2 36 1 0 12 0 0
fn=bool std::has_facet<std::ctype<wchar_t> >(std::locale const&)
0 84 2 2 36 0 0 12 0 0
fn=bool std::has_facet<std::num_get<char, std::istreambuf_iterator<char, std::char_traits<char> > > >(std::locale const&)
0 84 1 1 36 0 0 12 0 0
fn=bool std::has_facet<std::num_get<wchar_t, std::istreambuf_iterator<wchar_t, std::char_traits<wchar_t> > > >(std::locale const&)
0 84 1 1 36 0 0 12 0 0
fn=bool std::has_facet<std::num_put<char, std::ostreambuf_iterator<char, std::char_traits<char> > > >(std::locale const&)
0 84 2 2 36 1 0 12 0 0
fn=bool std::has_facet<std::num_put<wchar_t, std::ostreambuf_iterator<wchar_t, std::char_traits<wchar_t> > > >(std::locale const&)
0 84 2 2 36 0 0 12 0 0
fn=memcpy@GLIBC_2.2.5
0 12 0 0 4 0 0 0 0 0
fn=sin
0 9 1 1 2 0 0 1 0 0
fn=std::__timepunct<char>::_M_initialize_timepunct(__locale_struct*)
0 107 12 12 6 0 0 52 0 0
fn=std::__timepunct<char>::__timepunct(std::__timepunct_cache<char>*, unsigned long)
0 22 2 2 4 0 0 9 1 1
fn=std::__timepunct<wchar_t>::_M_initialize_timepunct(__locale_struct*)
0 105 13 13 5 0 0 51 0 0
fn=std::__timepunct<wchar_t>::__timepunct(std::__timepunct_cache<wchar_t>*, unsigned long)
0 22 2 2 4 0 0 9 0 0
fn=std::basic_ios<char, std::char_traits<char> >::_M_cache_locale(std::locale const&)
0 120 3 3 12 0 0 44 0 0
fn=std::basic_ios<char, std::char_traits<char> >::init(std::basic_streambuf<char, std::char_traits<char> >*)
0 88 3 3 12 0 0 40 0 0
fn=std::basic_ios<wchar_t, std::char_traits<wchar_t> >::_M_cache_locale(std::locale const&)
0 120 2 2 12 0 0 44 0 0
fn=std::basic_ios<wchar_t, std::char_traits<wchar_t> >::init(std::basic_streambuf<wchar_t, std::char_traits<wchar_t> >*)
0 88 2 2 12 0 0 40 0 0
fn=std::codecvt<char, char, __mbstate_t>::codecvt(unsigned long)
0 17 2 2 4 0 0 6 2 2
fn=std::codecvt<wchar_t, char, __mbstate_t>::codecvt(unsigned long)
0 17 2 2 4 0 0 6 1 1
fn=std::ctype<char> const& std::use_facet<std::ctype<char> >(std::locale const&)
0 76 2 2 36 0 0 12 0 0
fn=std::ctype<char>::ctype(unsigned short const*, bool, unsigned long)
0 161 8 8 8 2 0 83 9 9
fn=std::ctype<wchar_t> const& std::use_facet<std::ctype<wchar_t> >(std::locale const&)
0 76 2 2 36 0 0 12 0 0
fn=std::ctype<wchar_t>::_M_convert_to_wmask(unsigned short) const
0 129 5 5 12 0 0 0 0 0
fn=std::ctype<wchar_t>::_M_initialize_ctype()
0 2757 4 4 5 0 0 810 20 20
fn=std::ctype<wchar_t>::ctype(unsigned long)
0 19 2 2 3 0 0 7 1 1
fn=std::error_category::error_category()
0 12 1 1 6 1 0 3 0 0
fn=std::future_category()
0 21 3 3 2 1 1 6 0 0
fn=std::ios_base::Init::Init()
0 294 32 31 50 12 1 175 16 14
fn=std::ios_base::_M_init()
0 144 2 2 24 0 0 64 0 0
fn=std::ios_base::ios_base()
0 472 3 3 8 0 0 216 31 31
fn=std::locale::_Impl::_Impl(unsigned long)
0 819 66 66 132 16 1 406 43 43
fn=std::locale::_Impl::_M_install_facet(std::locale::id const*, std::locale::facet const*)
0 7448 7 7 2716 0 0 224 0 0
fn=std::locale::facet::_S_create_c_locale(__locale_struct*&, char const*, __locale_struct*)
0 9 1 1 2 0 0 3 0 0
fn=std::locale::facet::_S_get_c_locale()
0 92 1 1 50 0 0 11 0 0
fn=std::locale::facet::_S_get_c_name()
0 10 1 1 5 0 0 0 0 0
fn=std::locale::id::_M_id() const
0 700 1 1 224 6 4 56 0 0
fn=std::locale::locale()
0 462 4 4 176 0 0 132 0 0
fn=std::locale::operator=(std::locale const&)
0 136 3 3 56 0 0 24 0 0
fn=std::locale::~locale()
0 96 1 1 40 0 0 16 0 0
fn=std::messages<char>::messages(unsigned long)
0 19 2 2 4 0 0 8 1 1
fn=std::messages<wchar_t>::messages(unsigned long)
0 19 2 2 4 0 0 8 0 0
fn=std::moneypunct<char, false>::_M_initialize_moneypunct(__locale_struct*, char const*)
0 112 6 6 37 1 1 31 0 0
fn=std::moneypunct<char, true>::_M_initialize_moneypunct(__locale_struct*, char const*)
0 112 6 6 37 0 0 31 0 0
fn=std::moneypunct<wchar_t, false>::_M_initialize_moneypunct(__locale_struct*, char const*)
0 108 6 6 29 0 0 32 0 0
fn=std::moneypunct<wchar_t, true>::_M_initialize_moneypunct(__locale_struct*, char const*)
0 108 6 6 29 0 0 32 0 0
fn=std::num_get<char, std::istreambuf_iterator<char, std::char_traits<char> > > const& std::use_facet<std::num_get<char, std::istreambuf_iterator<char, std::char_traits<char> > > >(std::locale const&)
0 76 1 1 36 0 0 12 0 0
fn=std::num_get<wchar_t, std::istreambuf_iterator<wchar_t, std::char_traits<wchar_t> > > const& std::use_facet<std::num_get<wchar_t, std::istreambuf_iterator<wchar_t, std::char_traits<wchar_t> > > >(std::locale const&)
0 76 1 1 36 0 0 12 0 0
fn=std::num_put<char, std::ostreambuf_iterator<char, std::char_traits<char> > > const& std::use_facet<std::num_put<char, std::ostreambuf_iterator<char, std::char_traits<char> > > >(std::locale const&)
0 76 2 2 36 0 0 12 0 0
fn=std::num_put<wchar_t, std::ostreambuf_iterator<wchar_t, std::char_traits<wchar_t> > > const& std::use_facet<std::num_put<wchar_t, std::ostreambuf_iterator<wchar_t, std::char_traits<wchar_t> > > >(std::locale const&)
0 76 2 2 36 0 0 12 0 0
fn=std::numpunct<char>::_M_initialize_numpunct(__locale_struct*)
0 413 6 6 136 3 1 75 0 0
fn=std::numpunct<wchar_t>::_M_initialize_numpunct(__locale_struct*)
0 349 7 7 73 0 0 75 3 3
summary: 1412487 1372 1352 345481 9898 6087 122727 1676 1256
